Episode,Min_AoI,p_d,PRR
0,115.6778,0.6286,0.0148
1,110.8094,0.6105,0.0173
2,115.3209,0.6597,0.0160
3,108.0783,0.7284,0.0271
4,114.0819,0.7111,0.0199
5,114.1172,0.5084,0.0168
6,120.9531,0.6845,0.0153
7,115.3257,0.7141,0.0154
8,114.4523,0.7294,0.0246
9,113.4365,0.7170,0.0196
10,117.2260,0.7211,0.0212
11,117.4083,0.7283,0.0197
12,110.3113,0.7160,0.0142
13,114.5053,0.7199,0.0259
14,120.0571,0.5165,0.0327
15,119.3976,0.6089,0.0314
16,118.0158,0.6341,0.0181
17,121.2053,0.7241,0.0196
18,119.9462,0.7183,0.0194
19,117.1947,0.7244,0.0155
20,116.4118,0.6704,0.0134
21,116.7361,0.6748,0.0202
22,117.8953,0.5205,0.0208
23,118.6743,0.7284,0.0123
24,114.5462,0.5130,0.0329
25,118.4368,0.6986,0.0145
26,120.4437,0.6964,0.0179
27,117.2762,0.6255,0.0186
28,119.0285,0.7057,0.0158
29,120.1091,0.6540,0.0146
30,115.9598,0.7082,0.0131
31,111.2838,0.6260,0.0172
32,118.3372,0.7248,0.0250
33,115.1213,0.7035,0.0205
34,112.7382,0.7254,0.0130
35,120.2764,0.5593,0.0228
36,115.2263,0.6990,0.0163
37,118.2309,0.7156,0.0156
38,113.3100,0.6947,0.0159
39,113.3573,0.7276,0.0144
40,120.4694,0.6188,0.0293
41,116.4589,0.6839,0.0150
42,117.1459,0.7233,0.0144
43,116.4762,0.7280,0.0149
44,120.4160,0.7142,0.0129
45,114.1531,0.5199,0.0188
46,118.6743,0.7292,0.0166
47,117.8152,0.5609,0.0266
48,110.3052,0.6186,0.0217
49,117.3362,0.6279,0.0304
50,116.8920,0.5978,0.0182
51,111.7352,0.5878,0.0198
52,117.6870,0.6862,0.0273
53,114.1675,0.7288,0.0130
54,117.6299,0.6363,0.0218
55,117.9131,0.7234,0.0220
56,114.8411,0.7190,0.0184
57,114.4464,0.6981,0.0136
58,117.8809,0.6957,0.0250
59,111.7958,0.5133,0.0204
60,112.9207,0.6626,0.0138
61,114.8703,0.7293,0.0146
62,111.5112,0.7179,0.0187
63,112.5043,0.6916,0.0166
64,116.5310,0.6819,0.0313
65,117.4105,0.7214,0.0128
66,117.4480,0.7286,0.0268
67,109.1402,0.6915,0.0246
68,109.9129,0.6952,0.0165
69,116.1199,0.6988,0.0128
70,114.4578,0.5790,0.0416
71,115.9200,0.6940,0.0165
72,110.9883,0.6412,0.0190
73,112.5599,0.6686,0.0180
74,115.4849,0.7142,0.0132
75,114.3411,0.7266,0.0272
76,108.7945,0.6560,0.0155
77,116.0797,0.7217,0.0147
78,114.7727,0.7026,0.0215
79,113.5758,0.5169,0.0617
80,110.9592,0.6670,0.0263
81,116.8962,0.7226,0.0144
82,115.8210,0.7164,0.0207
83,116.6900,0.6989,0.0216
84,114.7859,0.5783,0.0159
85,115.7464,0.6191,0.0150
86,117.0391,0.7226,0.0127
87,114.3439,0.7282,0.0156
88,117.1239,0.6369,0.0306
89,116.9021,0.5515,0.0190
90,114.6060,0.7143,0.0128
91,113.4094,0.6975,0.0163
92,115.8482,0.5736,0.0199
93,118.2227,0.7223,0.0124
94,114.9809,0.6900,0.0144
95,116.9971,0.6969,0.0150
96,113.6523,0.5318,0.0496
97,114.1409,0.6997,0.0163
98,117.6300,0.6413,0.0252
99,111.7483,0.7067,0.0188
100,112.3540,0.7270,0.0179
101,112.2734,0.5139,0.0205
102,113.7711,0.6593,0.0198
103,116.1196,0.7286,0.0262
104,116.0322,0.6622,0.0251
105,113.2034,0.7167,0.0136
106,118.2024,0.7155,0.0127
107,111.8839,0.6775,0.0132
108,112.2789,0.7231,0.0164
109,121.0368,0.7209,0.0176
110,120.7628,0.5539,0.0382
111,114.2597,0.6503,0.0142
112,114.5635,0.7277,0.0141
113,113.3798,0.6865,0.0214
114,107.5662,0.5264,0.0230
115,116.8621,0.7204,0.0261
116,107.9865,0.5658,0.0359
117,116.9760,0.5392,0.0320
118,117.5280,0.6794,0.0205
119,114.2665,0.6185,0.0181
120,111.8655,0.7284,0.0242
121,110.6804,0.7139,0.0279
122,116.7062,0.6681,0.0190
123,111.8446,0.6726,0.0246
124,114.5858,0.6960,0.0217
125,111.9350,0.7146,0.0213
126,113.9482,0.7240,0.0174
127,109.5203,0.7246,0.0243
128,114.0477,0.6635,0.0168
129,117.5092,0.7224,0.0208
130,116.9932,0.7281,0.0170
131,117.9092,0.7288,0.0244
132,112.0316,0.6845,0.0149
133,118.4036,0.6178,0.0232
134,114.4747,0.6108,0.0303
135,116.0890,0.5591,0.0173
136,115.5584,0.5777,0.0184
137,112.1045,0.7092,0.0263
138,114.8072,0.6115,0.0343
139,111.2733,0.6704,0.0183
140,110.6900,0.5468,0.0162
141,112.3391,0.6434,0.0335
142,115.7677,0.6951,0.0243
143,113.9370,0.7294,0.0185
144,109.3553,0.6789,0.0239
145,106.8054,0.6332,0.0148
146,114.0031,0.7276,0.0188
147,112.8549,0.6399,0.0148
148,105.0221,0.7201,0.0247
149,117.0679,0.6892,0.0165
150,113.1693,0.6964,0.0145
151,104.9073,0.5366,0.0343
152,113.7872,0.6925,0.0143
153,103.4416,0.5888,0.0318
154,114.6449,0.6577,0.0147
155,115.0497,0.7207,0.0125
156,114.2830,0.7200,0.0177
157,118.3065,0.7200,0.0160
158,116.3286,0.6007,0.0375
159,110.6648,0.6383,0.0336
160,112.2242,0.6770,0.0263
161,116.7687,0.7280,0.0124
162,117.2179,0.6012,0.0214
163,115.0844,0.7153,0.0183
164,114.3622,0.6968,0.0247
165,106.3767,0.7034,0.0264
166,114.1801,0.7010,0.0211
167,112.1399,0.6695,0.0161
168,111.4522,0.7066,0.0227
169,109.2684,0.6840,0.0195
170,110.0851,0.6699,0.0180
171,117.9724,0.7047,0.0218
172,109.9445,0.6554,0.0152
173,104.6654,0.7210,0.0219
174,115.9165,0.7051,0.0191
175,113.0680,0.5444,0.0201
176,117.7442,0.6610,0.0240
177,108.6124,0.6251,0.0258
178,102.4077,0.7156,0.0150
179,111.4262,0.7129,0.0129
180,109.2118,0.6345,0.0246
181,112.3148,0.6968,0.0179
182,111.3954,0.5770,0.0313
183,110.8014,0.7107,0.0205
184,110.1975,0.7217,0.0227
185,106.4047,0.7138,0.0165
186,114.5070,0.7201,0.0136
187,117.2843,0.7228,0.0181
188,113.0433,0.6661,0.0152
189,112.2866,0.6806,0.0132
190,110.2615,0.6016,0.0257
191,115.3234,0.6678,0.0147
192,111.8127,0.7150,0.0173
193,116.4218,0.7220,0.0147
194,107.3452,0.6308,0.0186
195,118.6721,0.6549,0.0150
196,109.1430,0.7117,0.0256
197,114.7293,0.6979,0.0171
198,108.2893,0.6882,0.0222
199,112.1253,0.6553,0.0202
200,114.8275,0.7116,0.0273
201,112.2242,0.6878,0.0155
202,113.6653,0.7253,0.0193
203,110.8410,0.7174,0.0168
204,111.0927,0.7167,0.0187
205,116.8229,0.7203,0.0255
206,109.3844,0.7238,0.0183
207,113.4259,0.6765,0.0233
208,108.1229,0.6785,0.0136
209,113.0860,0.7244,0.0132
210,116.0148,0.7032,0.0220
211,103.9307,0.7266,0.0186
212,115.4897,0.7193,0.0140
213,116.1032,0.7098,0.0146
214,105.9104,0.5570,0.0226
215,110.1496,0.6500,0.0279
216,106.9269,0.6962,0.0259
217,110.1728,0.6652,0.0152
218,110.9943,0.6820,0.0281
219,110.1420,0.5569,0.0461
220,114.7796,0.5596,0.0207
221,111.1490,0.6364,0.0151
222,115.4870,0.5753,0.0168
223,110.4615,0.6610,0.0194
224,108.4804,0.5810,0.0332
225,110.4061,0.6114,0.0267
226,111.8592,0.7258,0.0135
227,111.8687,0.6373,0.0149
228,112.9640,0.6169,0.0248
229,116.6766,0.5664,0.0310
230,116.9465,0.6675,0.0219
231,107.0601,0.6943,0.0149
232,110.6497,0.5223,0.0273
233,108.2839,0.7043,0.0281
234,111.6701,0.6719,0.0212
235,111.7055,0.7155,0.0164
236,113.0196,0.7280,0.0176
237,109.1399,0.7202,0.0193
238,115.2005,0.7256,0.0150
239,115.7362,0.7149,0.0137
240,116.0720,0.6862,0.0149
241,110.4819,0.6718,0.0186
242,109.3395,0.6557,0.0173
243,109.6972,0.6321,0.0226
244,119.0835,0.6555,0.0230
245,112.3479,0.7007,0.0165
246,117.0270,0.7285,0.0127
247,106.5901,0.7233,0.0176
248,110.9268,0.6767,0.0277
249,117.4932,0.7216,0.0144
250,111.7418,0.7256,0.0160
251,110.7400,0.6232,0.0162
252,108.2401,0.6771,0.0143
253,113.9735,0.6884,0.0166
254,113.7688,0.6951,0.0207
255,116.8651,0.5154,0.0252
256,110.8589,0.6369,0.0180
257,112.8738,0.6279,0.0145
258,113.4069,0.5183,0.0205
259,113.0345,0.7034,0.0202
260,111.5098,0.5800,0.0236
261,116.9635,0.6935,0.0140
262,109.7291,0.7001,0.0279
263,103.7016,0.6594,0.0305
264,107.4762,0.7120,0.0235
265,108.9340,0.6246,0.0144
266,106.0746,0.7019,0.0209
267,103.6210,0.6734,0.0135
268,115.3643,0.6042,0.0273
269,114.3382,0.6820,0.0162
270,111.0090,0.7191,0.0128
271,106.2757,0.6824,0.0200
272,112.1400,0.6325,0.0222
273,115.4067,0.6892,0.0252
274,113.5480,0.7159,0.0136
275,108.8032,0.6027,0.0172
276,116.3043,0.7139,0.0188
277,105.8592,0.5814,0.0154
278,104.0908,0.6785,0.0183
279,114.4151,0.6842,0.0186
280,114.5603,0.5479,0.0185
281,112.4789,0.7043,0.0144
282,117.0313,0.6579,0.0200
283,108.8365,0.7114,0.0203
284,111.8742,0.6580,0.0299
285,113.5382,0.7262,0.0232
286,108.7366,0.6289,0.0218
287,111.0441,0.6281,0.0357
288,107.2220,0.7182,0.0133
289,111.2898,0.7097,0.0132
290,114.8236,0.5747,0.0222
291,116.2934,0.7019,0.0275
292,115.5622,0.7056,0.0281
293,115.6218,0.7071,0.0224
294,109.3129,0.6122,0.0357
295,111.4191,0.7288,0.0145
296,111.7462,0.7048,0.0210
297,108.5559,0.5669,0.0270
298,114.8700,0.7017,0.0149
299,115.6078,0.5281,0.0354
300,108.5941,0.7277,0.0252
301,113.7633,0.7151,0.0170
302,111.1473,0.6016,0.0185
303,118.3167,0.7269,0.0183
304,113.9747,0.5658,0.0229
305,116.0450,0.5760,0.0198
306,110.8718,0.7077,0.0171
307,100.9403,0.5518,0.0407
308,119.3349,0.6181,0.0162
309,112.5514,0.5260,0.0233
310,114.9515,0.6774,0.0204
311,115.6342,0.7194,0.0190
312,109.0183,0.7030,0.0135
313,115.2760,0.7279,0.0140
314,111.7113,0.5604,0.0317
315,114.0644,0.6995,0.0294
316,111.3664,0.7251,0.0163
317,112.4078,0.6975,0.0169
318,107.5976,0.6804,0.0169
319,110.3043,0.6447,0.0264
320,113.9476,0.6710,0.0153
321,111.5839,0.7256,0.0220
322,116.1005,0.6938,0.0132
323,110.8646,0.7270,0.0219
324,113.2667,0.6549,0.0161
325,115.2576,0.7194,0.0266
326,110.7046,0.6187,0.0153
327,113.6729,0.7002,0.0177
328,106.5163,0.6749,0.0290
329,111.8393,0.6883,0.0197
330,114.8356,0.6773,0.0208
331,112.2779,0.5710,0.0160
332,113.4528,0.6657,0.0299
333,106.9137,0.7069,0.0173
334,111.8007,0.6324,0.0225
335,111.3857,0.7096,0.0129
336,113.3276,0.6391,0.0150
337,110.2531,0.7073,0.0287
338,110.5501,0.6174,0.0149
339,116.1865,0.6283,0.0295
340,118.9769,0.6759,0.0206
341,107.5385,0.7182,0.0130
342,108.0683,0.6249,0.0223
343,116.8748,0.7218,0.0143
344,115.7431,0.7046,0.0254
345,107.0825,0.6999,0.0283
346,104.9963,0.6989,0.0194
347,114.8153,0.7173,0.0160
348,108.2298,0.7224,0.0211
349,116.4794,0.6110,0.0208
350,107.8333,0.5559,0.0361
351,116.9018,0.7286,0.0142
352,106.9837,0.6838,0.0158
353,112.1020,0.7050,0.0144
354,114.6738,0.7006,0.0261
355,111.9927,0.6487,0.0145
356,110.8079,0.7128,0.0168
357,112.9245,0.5486,0.0186
358,114.6188,0.7132,0.0215
359,110.9534,0.6077,0.0158
360,115.5128,0.6263,0.0190
361,110.9622,0.5297,0.0195
362,114.3513,0.7083,0.0173
363,111.0295,0.6771,0.0256
364,110.1912,0.5426,0.0295
365,106.3964,0.5896,0.0254
366,112.7873,0.6634,0.0136
367,115.7604,0.6842,0.0141
368,114.3544,0.6734,0.0220
369,110.5435,0.7247,0.0148
370,115.6519,0.6502,0.0149
371,114.0786,0.6999,0.0214
372,108.8840,0.6067,0.0179
373,115.4915,0.6404,0.0150
374,112.2879,0.5301,0.0246
375,118.2297,0.7105,0.0130
376,108.3972,0.6660,0.0155
377,114.6178,0.7069,0.0222
378,109.0000,0.7092,0.0151
379,110.7413,0.6054,0.0151
380,110.3362,0.6481,0.0241
381,109.4984,0.5495,0.0333
382,105.1455,0.5857,0.0255
383,109.3291,0.7242,0.0166
384,110.4878,0.6836,0.0176
385,114.5925,0.7045,0.0275
386,111.7285,0.7241,0.0183
387,110.3359,0.7116,0.0147
388,111.3680,0.6392,0.0177
389,113.2887,0.6770,0.0215
390,108.7733,0.5611,0.0163
391,111.0537,0.5844,0.0251
392,102.0113,0.7114,0.0205
393,109.2770,0.5511,0.0357
394,106.9631,0.6045,0.0399
395,110.9896,0.7240,0.0129
396,113.9941,0.6802,0.0230
397,115.6559,0.7215,0.0242
398,113.2571,0.7020,0.0228
399,118.0280,0.6851,0.0176
400,116.7453,0.7277,0.0223
401,108.5409,0.7071,0.0166
402,114.3322,0.7270,0.0142
403,113.0872,0.6973,0.0168
404,116.1388,0.7110,0.0197
405,110.0937,0.7273,0.0177
406,111.5442,0.5210,0.0208
407,117.4006,0.7263,0.0161
408,112.8433,0.7159,0.0156
409,111.8101,0.6555,0.0140
410,108.1481,0.6395,0.0219
411,111.9906,0.7251,0.0182
412,114.7619,0.7292,0.0183
413,118.6725,0.6086,0.0189
414,110.4588,0.7100,0.0148
415,113.8919,0.7193,0.0158
416,110.2675,0.7247,0.0206
417,110.7650,0.6745,0.0138
418,106.2060,0.5314,0.0300
419,109.4419,0.5748,0.0174
420,112.5895,0.6446,0.0154
421,115.7782,0.6716,0.0140
422,119.4422,0.6286,0.0142
423,107.6074,0.6379,0.0247
424,115.1305,0.6242,0.0317
425,117.8365,0.7243,0.0228
426,110.1713,0.5999,0.0352
427,115.8994,0.7271,0.0221
428,111.6151,0.5650,0.0161
429,110.6372,0.7255,0.0176
430,111.7148,0.5750,0.0305
431,114.8803,0.6328,0.0239
432,112.5219,0.7235,0.0241
433,111.4162,0.7195,0.0127
434,110.3951,0.5373,0.0259
435,113.1847,0.5767,0.0407
436,116.0434,0.7288,0.0255
437,106.5735,0.6457,0.0183
438,118.7015,0.6264,0.0183
439,112.8657,0.6160,0.0200
440,115.2554,0.7264,0.0229
441,116.4847,0.7254,0.0222
442,118.6080,0.7288,0.0124
443,107.2055,0.7040,0.0182
444,113.1615,0.6214,0.0271
445,105.5823,0.5971,0.0382
446,109.1109,0.6625,0.0315
447,113.2989,0.5181,0.0185
448,116.3418,0.7261,0.0198
449,111.7957,0.7283,0.0166
450,111.4106,0.5812,0.0151
451,115.6449,0.7053,0.0146
452,114.1559,0.6280,0.0242
453,110.4073,0.7248,0.0225
454,115.8861,0.7180,0.0129
455,107.8881,0.7045,0.0175
456,109.8470,0.7063,0.0189
457,114.4217,0.7226,0.0130
458,109.0909,0.6957,0.0158
459,111.8122,0.5488,0.0233
460,112.8743,0.6126,0.0156
461,114.2683,0.7183,0.0171
462,114.8650,0.7058,0.0219
463,108.2911,0.7218,0.0253
464,108.2058,0.6815,0.0247
465,103.1727,0.6882,0.0167
466,118.1778,0.7256,0.0199
467,107.3673,0.5273,0.0396
468,113.2582,0.5461,0.0370
469,112.6334,0.6137,0.0174
470,118.6098,0.6269,0.0186
471,105.4788,0.7242,0.0223
472,111.2428,0.6093,0.0173
473,108.5039,0.6202,0.0290
474,114.6118,0.6361,0.0173
475,111.2234,0.7136,0.0131
476,112.3727,0.7277,0.0146
477,113.7232,0.6777,0.0185
478,119.9851,0.7231,0.0154
479,115.9761,0.5661,0.0160
480,113.4188,0.5715,0.0433
481,112.6469,0.7226,0.0153
482,114.7732,0.7217,0.0127
483,109.3842,0.7264,0.0206
484,114.2278,0.5411,0.0359
485,110.0166,0.5587,0.0159
486,115.7256,0.7175,0.0163
487,106.8904,0.7031,0.0224
488,110.2567,0.5439,0.0215
489,110.3374,0.6014,0.0187
490,114.4442,0.7150,0.0130
491,118.4679,0.7288,0.0124
492,114.4203,0.6726,0.0302
493,112.9613,0.7259,0.0173
494,115.2134,0.6665,0.0143
495,115.4931,0.5541,0.0357
496,111.1019,0.5716,0.0367
497,109.5703,0.7140,0.0213
498,112.7064,0.6219,0.0256
499,109.5113,0.5772,0.0190
500,119.0909,0.7057,0.0217
501,110.6441,0.6133,0.0243
502,112.6213,0.7160,0.0145
503,108.2677,0.6419,0.0162
504,114.9917,0.7149,0.0213
505,107.4821,0.6547,0.0235
506,112.5488,0.7219,0.0182
507,111.1870,0.6092,0.0157
508,114.9329,0.7062,0.0142
509,114.5629,0.7273,0.0136
510,115.7004,0.5906,0.0217
511,106.6672,0.6888,0.0141
512,109.6997,0.7289,0.0215
513,113.1099,0.7253,0.0130
514,106.7789,0.7228,0.0256
515,104.6360,0.5237,0.0328
516,105.6086,0.6891,0.0204
517,111.5459,0.6841,0.0161
518,114.1542,0.7266,0.0123
519,110.1515,0.6676,0.0290
520,113.5634,0.7079,0.0132
521,109.5054,0.7249,0.0138
522,111.4525,0.6054,0.0181
523,110.5047,0.6446,0.0162
524,111.5378,0.5859,0.0175
525,110.9794,0.6377,0.0233
526,103.2187,0.6075,0.0146
527,109.2646,0.7025,0.0290
528,108.4253,0.6982,0.0298
529,112.9735,0.7272,0.0167
530,116.0329,0.7274,0.0123
531,114.7452,0.6983,0.0136
532,111.5465,0.5884,0.0355
533,112.0146,0.5623,0.0196
534,112.9135,0.6978,0.0157
535,119.0266,0.7272,0.0160
536,112.8941,0.7044,0.0200
537,106.8694,0.7152,0.0174
538,110.2929,0.7203,0.0134
539,112.0031,0.7222,0.0213
540,107.7163,0.6658,0.0198
541,116.9310,0.5743,0.0260
542,117.5693,0.6357,0.0346
543,115.0928,0.6443,0.0149
544,112.4722,0.6364,0.0258
545,108.5046,0.6560,0.0307
546,112.1395,0.5833,0.0170
547,112.1247,0.7288,0.0208
548,115.9311,0.5729,0.0199
549,107.5481,0.6119,0.0208
550,112.0592,0.7268,0.0183
551,110.2728,0.6085,0.0238
552,107.9906,0.6870,0.0269
553,108.4788,0.6988,0.0282
554,109.5753,0.6214,0.0240
555,116.9572,0.7290,0.0127
556,112.2908,0.7049,0.0128
557,112.4379,0.6187,0.0167
558,111.4413,0.6085,0.0178
559,110.1494,0.5168,0.0272
560,112.5041,0.7184,0.0230
561,114.7447,0.5436,0.0390
562,114.2619,0.5964,0.0194
563,110.6511,0.7103,0.0131
564,114.2203,0.7043,0.0128
565,114.3954,0.6926,0.0248
566,118.2972,0.6221,0.0190
567,114.6510,0.6338,0.0264
568,113.5609,0.7077,0.0130
569,113.0899,0.7267,0.0251
570,104.6169,0.6143,0.0263
571,113.9348,0.6523,0.0280
572,111.9964,0.6484,0.0207
573,107.2309,0.7092,0.0212
574,107.3497,0.6937,0.0176
575,111.9372,0.7026,0.0131
576,112.8893,0.7182,0.0193
577,110.0618,0.7064,0.0173
578,112.4603,0.6759,0.0179
579,101.2072,0.7081,0.0204
580,104.4040,0.7074,0.0129
581,118.5610,0.6343,0.0172
582,114.2267,0.7078,0.0149
583,105.1479,0.7044,0.0199
584,109.7611,0.7133,0.0133
585,111.4191,0.5797,0.0379
586,112.6206,0.6789,0.0228
587,117.4175,0.5457,0.0219
588,114.8110,0.6708,0.0162
589,119.0287,0.7261,0.0215
590,111.9146,0.7133,0.0164
591,110.2129,0.5168,0.0180
592,114.3641,0.6844,0.0135
593,107.5302,0.5679,0.0185
594,112.5719,0.5928,0.0217
595,116.6649,0.6188,0.0302
596,115.7430,0.7272,0.0147
597,115.6798,0.6372,0.0161
598,115.8904,0.7128,0.0133
599,110.5999,0.5432,0.0226
600,108.6328,0.5384,0.0179
601,115.0575,0.7033,0.0167
602,110.5947,0.7032,0.0171
603,112.6418,0.7071,0.0260
604,112.8681,0.6011,0.0208
605,111.8298,0.7155,0.0148
606,114.7973,0.7066,0.0240
607,108.3550,0.7243,0.0132
608,108.0793,0.6752,0.0293
609,111.8709,0.7204,0.0176
610,110.6930,0.6511,0.0223
611,116.0222,0.7276,0.0152
612,116.3444,0.6979,0.0146
613,112.9790,0.7158,0.0145
614,113.4480,0.7259,0.0152
615,116.3466,0.7136,0.0126
616,116.7981,0.7055,0.0214
617,110.6894,0.5788,0.0298
618,113.2523,0.5346,0.0184
619,113.0060,0.7117,0.0160
620,113.1505,0.7268,0.0137
621,112.3632,0.7010,0.0155
622,110.5423,0.5858,0.0313
623,110.4922,0.7028,0.0140
624,116.3576,0.6688,0.0258
625,104.7225,0.7249,0.0237
626,115.0808,0.7137,0.0209
627,112.2253,0.5502,0.0403
628,108.9701,0.7136,0.0254
629,119.8486,0.6997,0.0248
630,108.7652,0.5637,0.0243
631,115.9806,0.7002,0.0233
632,113.0212,0.7226,0.0190
633,110.1414,0.5240,0.0498
634,115.4425,0.7287,0.0172
635,111.0196,0.7110,0.0161
636,118.2508,0.6591,0.0254
637,108.6656,0.6419,0.0194
638,115.8239,0.6981,0.0150
639,115.2292,0.7264,0.0131
640,105.8900,0.7136,0.0254
641,103.9178,0.6068,0.0148
642,109.4155,0.6715,0.0228
643,114.9372,0.6953,0.0250
644,113.3261,0.6821,0.0275
645,113.0133,0.5650,0.0379
646,112.3681,0.7231,0.0174
647,111.5764,0.7209,0.0146
648,111.2172,0.7293,0.0175
649,106.3282,0.6916,0.0164
650,111.3914,0.6072,0.0158
651,112.5371,0.7203,0.0128
652,115.1098,0.5970,0.0206
653,115.7318,0.7042,0.0198
654,108.7637,0.7247,0.0246
655,109.2952,0.7142,0.0160
656,117.3596,0.6279,0.0271
657,118.4082,0.6957,0.0136
658,108.8242,0.5910,0.0163
659,106.4013,0.6603,0.0279
660,118.8332,0.7169,0.0187
661,113.2121,0.6831,0.0156
662,115.8086,0.7144,0.0126
663,116.7118,0.6836,0.0136
664,106.2349,0.6963,0.0205
665,115.4024,0.5770,0.0283
666,108.5331,0.5644,0.0157
667,115.6421,0.6852,0.0142
668,113.2998,0.6177,0.0364
669,109.0956,0.7228,0.0158
670,112.2799,0.5723,0.0183
671,109.3062,0.7197,0.0141
672,113.7571,0.7046,0.0201
673,112.2971,0.6321,0.0262
674,114.3851,0.6948,0.0232
675,114.8240,0.7082,0.0142
676,118.0875,0.7197,0.0145
677,115.8917,0.6429,0.0161
678,118.9164,0.6731,0.0223
679,116.4567,0.7062,0.0252
680,113.8442,0.6375,0.0340
681,110.9193,0.5323,0.0180
682,113.1541,0.5734,0.0205
683,114.7953,0.5562,0.0270
684,114.5648,0.6736,0.0146
685,117.4920,0.5510,0.0338
686,118.6754,0.7189,0.0273
687,114.2539,0.7147,0.0129
688,114.1856,0.7031,0.0149
689,114.3162,0.6370,0.0286
690,113.7070,0.7218,0.0135
691,113.2879,0.7183,0.0160
692,108.2989,0.6617,0.0253
693,119.0573,0.7275,0.0137
694,113.9497,0.6788,0.0241
695,116.4221,0.7191,0.0216
696,117.8721,0.7217,0.0160
697,110.3734,0.7194,0.0142
698,112.3686,0.7049,0.0161
699,109.7977,0.5269,0.0411
700,107.4242,0.5826,0.0287
701,108.4080,0.7033,0.0250
702,112.0960,0.7104,0.0136
703,109.9904,0.6844,0.0131
704,120.5466,0.7233,0.0181
705,109.8425,0.7242,0.0162
706,117.8224,0.7241,0.0167
707,112.4481,0.5133,0.0198
708,112.9902,0.5123,0.0170
709,112.0939,0.5616,0.0196
710,104.7826,0.6203,0.0156
711,111.4868,0.6997,0.0183
712,112.9751,0.5583,0.0268
713,108.0661,0.6837,0.0287
714,109.0919,0.6023,0.0155
715,109.5205,0.6580,0.0252
716,113.8829,0.7153,0.0195
717,110.6033,0.6652,0.0151
718,105.5862,0.7096,0.0247
719,110.4200,0.7240,0.0194
720,114.0233,0.7153,0.0232
721,108.4491,0.6592,0.0202
722,112.3577,0.7198,0.0227
723,116.2866,0.7176,0.0198
724,118.8051,0.6585,0.0177
725,109.6892,0.7268,0.0159
726,112.9614,0.6919,0.0146
727,117.0101,0.7046,0.0219
728,109.2897,0.6741,0.0263
729,108.6228,0.6979,0.0162
730,105.1332,0.7054,0.0282
731,120.1179,0.6710,0.0241
732,113.3399,0.6874,0.0211
733,114.6452,0.6818,0.0215
734,109.3251,0.6411,0.0239
735,113.6820,0.5552,0.0282
736,110.2104,0.5999,0.0169
737,114.7554,0.7096,0.0134
738,114.4836,0.7110,0.0136
739,113.4725,0.6794,0.0150
740,109.5819,0.6113,0.0149
741,116.2822,0.7284,0.0131
742,105.7146,0.7111,0.0177
743,117.1133,0.6049,0.0218
744,112.6983,0.7078,0.0213
745,111.9628,0.5969,0.0170
746,112.0201,0.6866,0.0146
747,114.0284,0.6926,0.0167
748,113.3414,0.5247,0.0247
749,114.8713,0.7229,0.0198
750,109.1502,0.5613,0.0220
751,111.1960,0.6879,0.0170
752,112.4228,0.6934,0.0195
753,110.2687,0.6941,0.0136
754,110.5757,0.7171,0.0126
755,110.1452,0.7243,0.0216
756,109.6974,0.6306,0.0159
757,106.4588,0.6602,0.0296
758,111.9681,0.7280,0.0131
759,107.7194,0.5619,0.0320
760,113.7793,0.6834,0.0146
761,117.3531,0.7167,0.0228
762,108.4959,0.6959,0.0201
763,111.0407,0.6345,0.0162
764,116.4879,0.7181,0.0189
765,110.0963,0.7267,0.0231
766,109.1621,0.7201,0.0190
767,116.5492,0.6989,0.0278
768,105.8174,0.6469,0.0288
769,112.2880,0.7205,0.0129
770,107.7634,0.7083,0.0284
771,107.6041,0.6184,0.0158
772,116.2404,0.7287,0.0171
773,112.8848,0.6914,0.0137
774,107.2640,0.7004,0.0260
775,113.6216,0.7244,0.0259
776,106.5144,0.5485,0.0478
777,111.0459,0.5107,0.0409
778,109.8765,0.6998,0.0206
779,110.2070,0.7078,0.0144
780,115.1731,0.7027,0.0171
781,110.8940,0.6128,0.0186
782,109.8367,0.6348,0.0185
783,106.6789,0.6170,0.0315
784,114.0156,0.6072,0.0370
785,109.0885,0.6226,0.0169
786,111.0784,0.7233,0.0177
787,113.1509,0.6479,0.0145
788,111.1097,0.7225,0.0159
789,112.0693,0.7021,0.0137
790,111.5906,0.7033,0.0198
791,113.1462,0.6787,0.0261
792,115.6525,0.7106,0.0197
793,112.6869,0.7229,0.0188
794,115.7033,0.7003,0.0264
795,112.6963,0.7232,0.0200
796,112.0955,0.5335,0.0260
797,114.7604,0.6469,0.0174
798,113.0371,0.6963,0.0220
799,112.7183,0.7258,0.0141
800,115.7076,0.6299,0.0187
801,110.5774,0.5850,0.0187
802,114.8652,0.5329,0.0402
803,115.8163,0.7093,0.0163
804,104.3577,0.7287,0.0191
805,118.2143,0.6111,0.0186
806,112.6991,0.5420,0.0161
807,113.5483,0.5443,0.0189
808,114.2449,0.7278,0.0224
809,106.6016,0.6100,0.0190
810,116.2825,0.7282,0.0139
811,116.9289,0.6231,0.0151
812,114.6773,0.7119,0.0281
813,104.2610,0.6909,0.0245
814,108.5058,0.5875,0.0177
815,115.4584,0.6029,0.0356
816,112.4629,0.7018,0.0252
817,109.7532,0.7160,0.0142
818,115.6789,0.7225,0.0180
819,113.5658,0.6669,0.0285
820,111.4348,0.5934,0.0157
821,111.1976,0.7031,0.0203
822,114.6917,0.7165,0.0210
823,107.4161,0.7094,0.0224
824,111.3141,0.6290,0.0274
825,111.3381,0.6603,0.0215
826,104.2327,0.6910,0.0190
827,109.0581,0.7140,0.0206
828,116.0900,0.5940,0.0215
829,114.2728,0.7126,0.0171
830,111.8108,0.7218,0.0233
831,114.3272,0.5173,0.0281
832,111.2499,0.6143,0.0244
833,110.7445,0.7232,0.0151
834,109.0629,0.7141,0.0251
835,115.4986,0.5658,0.0346
836,111.7033,0.6112,0.0180
837,112.1564,0.6836,0.0146
838,110.9917,0.5399,0.0400
839,102.0602,0.6580,0.0202
840,114.7911,0.7202,0.0200
841,113.7510,0.6896,0.0172
842,117.5001,0.7237,0.0143
843,113.8093,0.7237,0.0160
844,112.9131,0.7132,0.0128
845,116.0771,0.5406,0.0161
846,113.5403,0.7151,0.0263
847,117.8186,0.7241,0.0174
848,107.8758,0.6617,0.0135
849,115.0947,0.6145,0.0377
850,118.1522,0.6569,0.0169
851,113.8025,0.5924,0.0264
852,113.4427,0.6485,0.0190
853,107.7221,0.5464,0.0199
854,117.6040,0.6923,0.0143
855,111.5504,0.6889,0.0299
856,114.5565,0.7260,0.0207
857,112.6965,0.6662,0.0158
858,112.7214,0.7121,0.0242
859,114.0246,0.7243,0.0216
860,112.2583,0.5386,0.0253
861,113.8922,0.7287,0.0130
862,106.5511,0.7057,0.0161
863,111.8665,0.7021,0.0244
864,106.0363,0.6869,0.0234
865,107.2787,0.7187,0.0263
866,105.1873,0.6927,0.0263
867,110.7509,0.5118,0.0256
868,109.0289,0.6356,0.0196
869,111.5058,0.5431,0.0236
870,117.1309,0.7278,0.0149
871,118.7098,0.6973,0.0196
872,109.9988,0.6760,0.0135
873,116.9993,0.7047,0.0160
874,116.2807,0.7278,0.0196
875,118.8189,0.6786,0.0241
876,118.1140,0.7189,0.0133
877,107.0217,0.6037,0.0149
878,109.4574,0.7214,0.0196
879,107.9382,0.7228,0.0155
880,113.9087,0.6567,0.0171
881,114.3492,0.7123,0.0270
882,109.0580,0.5685,0.0226
883,106.7978,0.7290,0.0142
884,115.7239,0.6629,0.0203
885,117.7454,0.7228,0.0227
886,108.7607,0.7256,0.0148
887,112.1845,0.7172,0.0144
888,112.5159,0.7136,0.0242
889,114.7236,0.6143,0.0300
890,117.0482,0.5266,0.0282
891,113.7503,0.7199,0.0131
892,114.3530,0.6129,0.0202
893,114.9502,0.7118,0.0166
894,115.3493,0.7225,0.0129
895,111.5230,0.6760,0.0157
896,113.3108,0.6403,0.0200
897,108.9311,0.7009,0.0150
898,102.3341,0.6346,0.0324
899,110.0957,0.6956,0.0131
900,116.5822,0.7281,0.0124
901,118.1840,0.6013,0.0217
902,113.9277,0.7128,0.0185
903,108.8503,0.6797,0.0209
904,113.6736,0.6135,0.0142
905,118.4350,0.7001,0.0128
906,117.9048,0.7119,0.0260
907,109.8656,0.5099,0.0168
908,113.7987,0.6395,0.0153
909,115.5605,0.7215,0.0265
910,103.9475,0.6372,0.0187
911,114.1255,0.6752,0.0194
912,111.4333,0.6648,0.0145
913,119.5612,0.6433,0.0140
914,118.3864,0.5897,0.0254
915,108.1353,0.7159,0.0157
916,109.3308,0.7199,0.0165
917,112.5771,0.6982,0.0183
918,106.2312,0.5365,0.0361
919,112.3130,0.5665,0.0319
920,115.2080,0.6848,0.0203
921,102.6552,0.5170,0.0226
922,119.2950,0.7219,0.0139
923,116.8077,0.7126,0.0130
924,112.5008,0.7166,0.0230
925,115.0430,0.7256,0.0260
926,111.2817,0.5997,0.0153
927,112.6101,0.7284,0.0242
928,107.1381,0.5271,0.0366
929,112.7749,0.6414,0.0143
930,116.5657,0.7085,0.0248
931,109.4171,0.5123,0.0231
932,109.8951,0.6973,0.0290
933,111.7813,0.5358,0.0182
934,106.9719,0.6583,0.0144
935,118.0312,0.5422,0.0237
936,120.1858,0.7099,0.0149
937,119.5614,0.7215,0.0175
938,118.7821,0.6474,0.0252
939,112.3730,0.5500,0.0207
940,115.2798,0.6828,0.0132
941,106.7308,0.6872,0.0271
942,114.5010,0.6738,0.0230
943,110.1283,0.6918,0.0197
944,113.2270,0.6836,0.0164
945,115.7449,0.7038,0.0244
946,108.0199,0.5722,0.0180
947,115.3189,0.7210,0.0128
948,118.4433,0.6199,0.0335
949,111.7976,0.7195,0.0126
950,111.7409,0.7233,0.0128
951,112.3269,0.6872,0.0150
952,101.9509,0.5776,0.0171
953,110.5691,0.6270,0.0369
954,116.5575,0.5558,0.0369
955,110.3288,0.5273,0.0196
956,113.0916,0.7230,0.0179
957,111.7929,0.7140,0.0136
958,116.1670,0.7091,0.0202
959,113.0836,0.6330,0.0160
960,114.4037,0.6056,0.0147
961,110.6779,0.6721,0.0291
962,111.3119,0.7291,0.0161
963,116.2151,0.5574,0.0251
964,112.5189,0.5446,0.0418
965,110.3498,0.6364,0.0190
966,112.8162,0.7273,0.0181
967,109.5161,0.7008,0.0155
968,115.1017,0.6880,0.0147
969,115.9248,0.6722,0.0281
970,113.1392,0.7176,0.0173
971,114.0110,0.7196,0.0143
972,114.0168,0.7272,0.0232
973,117.1266,0.6871,0.0175
974,104.9149,0.7191,0.0257
975,113.7754,0.6850,0.0258
976,111.1604,0.6946,0.0258
977,108.2898,0.5446,0.0180
978,106.0513,0.6496,0.0194
979,109.0182,0.7149,0.0214
980,103.0075,0.6467,0.0143
981,106.1591,0.6708,0.0160
982,119.3004,0.7245,0.0215
983,114.7085,0.6735,0.0146
984,111.5699,0.6283,0.0169
985,111.7824,0.7165,0.0129
986,111.8549,0.5631,0.0173
987,118.1112,0.7033,0.0148
988,109.8089,0.6827,0.0184
989,112.0702,0.7257,0.0261
990,110.8957,0.6645,0.0159
991,105.7278,0.6432,0.0254
992,112.7923,0.7135,0.0211
993,112.7978,0.6584,0.0136
994,114.1931,0.6950,0.0140
995,110.4006,0.6869,0.0204
996,115.6456,0.6426,0.0348
997,108.6413,0.7200,0.0205
998,107.0612,0.6364,0.0208
999,113.2987,0.5099,0.0493
1000,108.5905,0.7184,0.0162
1001,115.1707,0.7172,0.0132
1002,114.8682,0.6642,0.0247
1003,109.9432,0.5543,0.0320
1004,112.7620,0.7140,0.0185
1005,112.2809,0.7060,0.0157
1006,111.0957,0.5084,0.0473
1007,107.7674,0.6886,0.0202
1008,109.9762,0.7019,0.0158
1009,113.4238,0.5928,0.0308
1010,116.1802,0.6156,0.0146
1011,110.6203,0.7022,0.0158
1012,107.1594,0.5621,0.0187
1013,107.3461,0.6356,0.0271
1014,108.0655,0.7184,0.0152
1015,106.5141,0.5609,0.0215
1016,108.8828,0.6768,0.0136
1017,113.6185,0.7180,0.0179
1018,115.1444,0.6668,0.0150
1019,109.2239,0.6963,0.0248
1020,108.3488,0.7229,0.0154
1021,103.1802,0.7264,0.0257
1022,105.4439,0.6722,0.0136
1023,112.8299,0.7126,0.0127
1024,107.9994,0.6925,0.0158
1025,114.5840,0.7108,0.0280
1026,112.9653,0.5687,0.0294
1027,110.5932,0.7073,0.0139
1028,117.4455,0.7141,0.0274
1029,110.7783,0.7172,0.0232
1030,115.2849,0.6100,0.0220
1031,106.3747,0.6043,0.0212
1032,111.8102,0.7242,0.0131
1033,114.2352,0.7080,0.0184
1034,113.5918,0.5691,0.0228
1035,106.6075,0.7288,0.0264
1036,108.8271,0.6449,0.0214
1037,115.2611,0.7187,0.0152
1038,106.9533,0.5903,0.0415
1039,104.9788,0.6419,0.0285
1040,109.9022,0.5472,0.0166
1041,113.6992,0.6569,0.0197
1042,113.8883,0.6913,0.0168
1043,108.9643,0.7230,0.0200
1044,108.5934,0.6996,0.0278
1045,109.5122,0.6190,0.0233
1046,113.8704,0.7067,0.0154
1047,116.7931,0.7206,0.0208
1048,113.8882,0.7189,0.0201
1049,116.7245,0.6208,0.0164
1050,106.5596,0.7204,0.0170
1051,112.8703,0.5454,0.0249
1052,117.6716,0.6578,0.0170
1053,113.6675,0.6851,0.0156
1054,110.4978,0.6251,0.0314
1055,116.1536,0.6984,0.0183
1056,114.4797,0.7217,0.0133
1057,114.1872,0.6926,0.0241
1058,109.6629,0.5792,0.0345
1059,114.0838,0.7231,0.0251
1060,109.8710,0.7201,0.0130
1061,112.3272,0.5967,0.0230
1062,103.9348,0.7287,0.0156
1063,117.7056,0.6654,0.0226
1064,116.1268,0.7285,0.0179
1065,107.5463,0.7143,0.0164
1066,116.4880,0.7232,0.0147
1067,117.4073,0.6000,0.0161
1068,116.6988,0.6701,0.0181
1069,111.9572,0.6728,0.0208
1070,109.9104,0.7190,0.0148
1071,114.8123,0.6472,0.0199
1072,105.9943,0.7222,0.0147
1073,118.1726,0.7017,0.0215
1074,115.1983,0.6554,0.0293
1075,103.9772,0.5923,0.0193
1076,118.7333,0.6601,0.0267
1077,114.1768,0.6438,0.0166
1078,112.2090,0.5750,0.0220
1079,114.8072,0.6583,0.0151
1080,108.0318,0.6813,0.0189
1081,113.0045,0.7253,0.0187
1082,111.7885,0.5239,0.0539
1083,115.6949,0.7273,0.0229
1084,115.7118,0.7231,0.0221
1085,110.4218,0.5657,0.0175
1086,110.8971,0.6749,0.0319
1087,109.8607,0.6400,0.0195
1088,110.4504,0.6961,0.0131
1089,115.7238,0.7269,0.0137
1090,108.4595,0.5243,0.0237
1091,115.4776,0.6954,0.0145
1092,112.6771,0.7261,0.0124
1093,110.4575,0.6935,0.0152
1094,117.0850,0.7123,0.0169
1095,115.4185,0.7108,0.0246
1096,109.6725,0.7264,0.0129
1097,106.8310,0.7244,0.0224
1098,103.0025,0.7149,0.0132
1099,113.7843,0.5747,0.0186
1100,113.3954,0.7205,0.0256
1101,116.6181,0.5534,0.0453
1102,115.8319,0.5442,0.0459
1103,109.7278,0.6153,0.0185
1104,111.9742,0.7275,0.0135
1105,107.5335,0.6001,0.0368
1106,112.5013,0.7273,0.0270
1107,105.8805,0.7037,0.0290
1108,110.8113,0.7236,0.0207
1109,114.4705,0.7190,0.0179
1110,110.0250,0.6856,0.0205
1111,109.3891,0.7157,0.0155
1112,115.2171,0.6877,0.0257
1113,117.2577,0.6355,0.0216
1114,101.1098,0.6983,0.0178
1115,108.9282,0.6613,0.0197
1116,113.0641,0.7203,0.0126
1117,111.5245,0.6680,0.0301
1118,111.8482,0.5943,0.0180
1119,107.7529,0.5447,0.0239
1120,110.8980,0.5787,0.0341
1121,111.4199,0.6584,0.0227
1122,111.9459,0.7149,0.0133
1123,111.0368,0.6990,0.0258
1124,111.7160,0.7184,0.0165
1125,112.4859,0.6998,0.0218
1126,111.0719,0.5989,0.0211
1127,108.7833,0.7135,0.0147
1128,117.6232,0.6262,0.0142
1129,110.0622,0.6173,0.0238
1130,110.9205,0.7093,0.0180
1131,119.5098,0.7042,0.0153
1132,114.6729,0.7275,0.0206
1133,108.7386,0.7250,0.0160
1134,112.9596,0.6295,0.0365
1135,116.2959,0.7129,0.0152
1136,109.0915,0.6949,0.0247
1137,116.6041,0.5620,0.0154
1138,112.4006,0.5338,0.0261
1139,114.4988,0.6584,0.0255
1140,114.2662,0.7135,0.0265
1141,105.1771,0.6478,0.0149
1142,115.0061,0.7248,0.0159
1143,115.9620,0.7032,0.0221
1144,116.1253,0.7063,0.0181
1145,115.1216,0.5560,0.0161
1146,111.2792,0.6465,0.0150
1147,113.6992,0.5689,0.0153
1148,114.1519,0.5476,0.0193
1149,111.4977,0.7029,0.0263
1150,107.7040,0.6586,0.0210
1151,108.2774,0.7268,0.0186
1152,111.3544,0.5603,0.0260
1153,106.6257,0.6979,0.0214
1154,112.2632,0.6887,0.0257
1155,112.8787,0.6091,0.0173
1156,118.6057,0.7139,0.0242
1157,104.3897,0.6410,0.0231
1158,113.9772,0.6794,0.0147
1159,107.7356,0.6959,0.0163
1160,118.8843,0.7246,0.0150
1161,106.2348,0.6029,0.0326
1162,114.8811,0.6825,0.0239
1163,108.1881,0.6496,0.0171
1164,116.1336,0.5515,0.0203
1165,115.0158,0.6712,0.0201
1166,109.2953,0.7262,0.0133
1167,113.6376,0.6671,0.0168
1168,116.0090,0.6509,0.0157
1169,113.0279,0.7283,0.0241
1170,114.2072,0.7102,0.0137
1171,115.0586,0.5957,0.0167
1172,115.4860,0.6616,0.0313
1173,110.5120,0.7270,0.0209
1174,113.6633,0.7249,0.0182
1175,116.9467,0.6937,0.0180
1176,116.4687,0.7219,0.0126
1177,114.8552,0.7161,0.0141
1178,112.3370,0.6641,0.0156
1179,111.3623,0.7263,0.0201
1180,104.8802,0.7196,0.0196
1181,112.7975,0.7262,0.0124
1182,116.7067,0.7247,0.0142
1183,109.9851,0.5955,0.0392
1184,113.8908,0.6838,0.0296
1185,112.4055,0.7029,0.0261
1186,116.9696,0.7128,0.0129
1187,114.6680,0.7246,0.0162
1188,115.1902,0.6799,0.0250
1189,112.0753,0.5252,0.0309
1190,113.4291,0.6974,0.0225
1191,115.3534,0.6512,0.0190
1192,110.9418,0.7275,0.0221
1193,105.5937,0.5867,0.0216
1194,112.5259,0.7196,0.0164
1195,112.8697,0.6339,0.0284
1196,107.8201,0.7188,0.0246
1197,113.3779,0.5817,0.0232
1198,114.4798,0.6998,0.0240
1199,112.2652,0.6852,0.0254
1200,109.2408,0.6396,0.0219
1201,114.5322,0.7267,0.0180
1202,118.2855,0.5497,0.0439
1203,118.3801,0.7201,0.0134
1204,114.7248,0.7201,0.0169
1205,110.0325,0.7245,0.0141
1206,111.2338,0.6459,0.0152
1207,107.8466,0.7056,0.0226
1208,114.6433,0.6691,0.0319
1209,116.6522,0.6964,0.0167
1210,114.2408,0.7263,0.0158
1211,108.1347,0.7116,0.0271
1212,113.1460,0.5379,0.0180
1213,103.6138,0.7155,0.0191
1214,112.5295,0.6521,0.0290
1215,116.2241,0.7203,0.0186
1216,112.9027,0.6754,0.0179
1217,109.9659,0.6522,0.0242
1218,114.6564,0.5960,0.0240
1219,118.8458,0.5471,0.0274
1220,107.3758,0.6281,0.0191
1221,103.8207,0.7255,0.0147
1222,112.6103,0.7181,0.0139
1223,109.5949,0.7135,0.0169
1224,110.8799,0.7227,0.0142
1225,104.9241,0.7161,0.0255
1226,111.2502,0.6063,0.0157
1227,115.9032,0.7191,0.0183
1228,111.5592,0.6904,0.0259
1229,118.4252,0.5872,0.0162
1230,112.9511,0.7032,0.0188
1231,119.0019,0.7131,0.0261
1232,109.1665,0.7262,0.0157
1233,112.1735,0.7183,0.0161
1234,108.5335,0.7246,0.0152
1235,117.7391,0.7210,0.0229
1236,107.5618,0.6423,0.0237
1237,110.6563,0.5397,0.0293
1238,112.6937,0.6968,0.0210
1239,114.7209,0.7040,0.0207
1240,107.8459,0.5832,0.0262
1241,109.6885,0.7271,0.0131
1242,116.5377,0.7149,0.0148
1243,104.2047,0.5734,0.0155
1244,113.5328,0.5364,0.0279
1245,115.4885,0.7177,0.0145
1246,108.8525,0.7140,0.0155
1247,115.0988,0.6116,0.0317
1248,115.9871,0.7251,0.0161
1249,112.2385,0.6405,0.0274
1250,116.1103,0.7207,0.0194
1251,108.1040,0.6100,0.0186
1252,114.6038,0.7213,0.0236
1253,106.4596,0.6955,0.0279
1254,109.5535,0.6618,0.0137
1255,108.3030,0.5361,0.0176
1256,108.7349,0.6797,0.0195
1257,114.5691,0.6758,0.0159
1258,118.3928,0.6469,0.0298
1259,118.8397,0.6299,0.0171
1260,107.0452,0.6778,0.0256
1261,106.7139,0.7256,0.0190
1262,108.3207,0.7287,0.0215
1263,113.6664,0.7115,0.0280
1264,108.3050,0.6139,0.0351
1265,106.0401,0.6759,0.0290
1266,107.8105,0.7104,0.0158
1267,111.9339,0.6951,0.0196
1268,112.2738,0.6769,0.0163
1269,113.1095,0.5737,0.0200
1270,118.2807,0.5298,0.0163
1271,110.6365,0.6680,0.0176
1272,108.7999,0.7231,0.0128
1273,103.8460,0.5412,0.0331
1274,105.4433,0.7256,0.0192
1275,111.0515,0.7247,0.0146
1276,114.7182,0.5705,0.0153
1277,111.2750,0.5841,0.0158
1278,110.3182,0.7195,0.0162
1279,111.1163,0.6973,0.0276
1280,114.7420,0.5817,0.0158
1281,114.7355,0.7287,0.0159
1282,111.1695,0.5533,0.0217
1283,115.9556,0.7279,0.0143
1284,104.0106,0.5766,0.0163
1285,108.8237,0.7186,0.0155
1286,110.0803,0.6588,0.0160
1287,111.4922,0.7029,0.0143
1288,114.3801,0.7066,0.0135
1289,113.4770,0.5239,0.0468
1290,105.4575,0.6850,0.0186
1291,110.0457,0.6572,0.0267
1292,116.8626,0.6050,0.0162
1293,116.1651,0.6401,0.0326
1294,108.8669,0.6257,0.0312
1295,111.7365,0.5742,0.0236
1296,104.5011,0.5458,0.0220
1297,115.8456,0.7188,0.0139
1298,103.3068,0.7202,0.0155
1299,108.4730,0.5364,0.0291
1300,112.3482,0.6798,0.0150
1301,119.1419,0.5561,0.0212
1302,116.2870,0.6748,0.0174
1303,118.9222,0.7284,0.0127
1304,115.2883,0.6917,0.0235
1305,105.6056,0.6605,0.0138
1306,114.7057,0.6383,0.0153
1307,109.9945,0.6719,0.0160
1308,117.4106,0.6949,0.0255
1309,108.8621,0.6092,0.0198
1310,107.5198,0.6792,0.0192
1311,114.9386,0.7130,0.0142
1312,106.6659,0.5729,0.0236
1313,113.4353,0.6872,0.0181
1314,116.5263,0.7264,0.0124
1315,109.4170,0.6517,0.0202
1316,112.4941,0.7108,0.0141
1317,113.7700,0.7068,0.0275
1318,104.7035,0.5956,0.0357
1319,112.3928,0.7277,0.0158
1320,110.5238,0.7002,0.0194
1321,108.6980,0.7244,0.0218
1322,113.4230,0.7115,0.0256
1323,105.7196,0.7227,0.0196
1324,116.0928,0.7205,0.0222
1325,116.5496,0.6735,0.0147
1326,114.2090,0.7211,0.0165
1327,116.6412,0.6196,0.0183
1328,112.4257,0.5231,0.0249
1329,111.2830,0.6941,0.0246
1330,117.4216,0.7262,0.0267
1331,114.5658,0.6915,0.0189
1332,113.3151,0.5455,0.0165
1333,106.3050,0.6323,0.0197
1334,118.0953,0.5193,0.0179
1335,108.2674,0.6205,0.0149
1336,109.4058,0.7264,0.0189
1337,108.6056,0.6957,0.0148
1338,114.9061,0.7001,0.0274
1339,117.2821,0.6434,0.0335
1340,107.0426,0.7252,0.0135
1341,103.7872,0.6518,0.0275
1342,101.8817,0.7150,0.0215
1343,111.4527,0.6414,0.0280
1344,110.4511,0.6160,0.0351
1345,107.8499,0.5858,0.0350
1346,114.7530,0.7273,0.0143
1347,112.4620,0.6192,0.0272
1348,111.5523,0.7207,0.0275
1349,111.3937,0.5833,0.0374
1350,117.8116,0.7203,0.0208
1351,107.7395,0.6862,0.0160
1352,107.3248,0.5160,0.0533
1353,109.9184,0.5896,0.0188
1354,110.8911,0.6709,0.0210
1355,116.1134,0.6968,0.0280
1356,115.5536,0.7028,0.0132
1357,110.6833,0.7261,0.0127
1358,109.7999,0.7067,0.0212
1359,108.2184,0.7098,0.0219
1360,105.8099,0.6939,0.0276
1361,111.5714,0.7010,0.0251
1362,111.7855,0.6679,0.0156
1363,116.6422,0.7244,0.0125
1364,115.6656,0.6535,0.0182
1365,115.0603,0.6833,0.0135
1366,111.1430,0.5433,0.0286
1367,111.8972,0.5652,0.0169
1368,106.3299,0.7024,0.0177
1369,110.7531,0.7242,0.0216
1370,113.3397,0.6016,0.0176
1371,114.5908,0.6721,0.0186
1372,110.3618,0.6938,0.0162
1373,115.7882,0.6549,0.0204
1374,117.2674,0.7263,0.0186
1375,109.7147,0.5866,0.0258
1376,106.8302,0.5561,0.0290
1377,115.6660,0.6601,0.0137
1378,111.7186,0.6789,0.0164
1379,107.2721,0.5695,0.0279
1380,102.0405,0.6445,0.0162
1381,112.9655,0.7221,0.0131
1382,116.6967,0.6487,0.0192
1383,116.1391,0.7032,0.0254
1384,107.1025,0.5669,0.0266
1385,111.3502,0.6802,0.0179
1386,113.2283,0.6328,0.0265
1387,107.9726,0.7250,0.0248
1388,111.2658,0.6895,0.0191
1389,119.1895,0.7236,0.0143
1390,111.8698,0.7207,0.0231
1391,115.8930,0.6891,0.0151
1392,108.4080,0.5483,0.0173
1393,117.1758,0.7291,0.0134
1394,106.5777,0.5135,0.0223
1395,112.2911,0.6724,0.0205
1396,107.4186,0.6654,0.0316
1397,106.2750,0.7288,0.0179
1398,113.9121,0.6395,0.0163
1399,114.6306,0.6978,0.0168
1400,112.8247,0.6570,0.0217
1401,111.8722,0.7214,0.0131
1402,106.4282,0.6770,0.0151
1403,118.9542,0.7269,0.0268
1404,103.5202,0.7190,0.0199
1405,103.9962,0.7245,0.0224
1406,110.3402,0.6496,0.0173
1407,115.8035,0.7267,0.0136
1408,117.1837,0.5934,0.0163
1409,115.9957,0.7278,0.0124
1410,105.2171,0.7074,0.0167
1411,114.4655,0.6004,0.0239
1412,115.9694,0.6692,0.0182
1413,113.3170,0.7251,0.0234
1414,108.8356,0.5976,0.0161
1415,115.1296,0.7089,0.0166
1416,113.5555,0.7208,0.0176
1417,117.4126,0.7224,0.0126
1418,104.3780,0.7100,0.0185
1419,114.3014,0.6510,0.0224
1420,115.8847,0.6556,0.0155
1421,110.6998,0.7020,0.0188
1422,117.6254,0.7129,0.0223
1423,113.9374,0.6551,0.0147
1424,103.5315,0.6799,0.0157
1425,113.7444,0.7255,0.0143
1426,115.5148,0.6870,0.0281
1427,109.8183,0.7183,0.0199
1428,117.3710,0.6976,0.0213
1429,112.7043,0.6969,0.0200
1430,108.5558,0.6602,0.0191
1431,113.8547,0.6978,0.0179
1432,108.9883,0.5974,0.0186
1433,108.4498,0.6735,0.0180
1434,114.4402,0.7235,0.0143
1435,113.5102,0.6170,0.0241
1436,115.0940,0.6599,0.0246
1437,116.0088,0.5378,0.0300
1438,109.2984,0.6849,0.0213
1439,116.1847,0.6682,0.0303
1440,110.3832,0.6350,0.0151
1441,113.4017,0.6687,0.0277
1442,112.1391,0.7258,0.0217
1443,111.8117,0.6960,0.0256
1444,116.3962,0.6467,0.0175
1445,108.9398,0.7198,0.0204
1446,101.3299,0.7267,0.0143
1447,109.7327,0.6555,0.0213
1448,110.2938,0.6213,0.0205
1449,112.5898,0.5303,0.0220
1450,116.9354,0.7282,0.0152
1451,110.2612,0.7076,0.0165
1452,108.7037,0.5529,0.0244
1453,108.6476,0.6749,0.0173
1454,111.0482,0.7141,0.0169
1455,112.8368,0.7283,0.0260
1456,112.9209,0.6431,0.0244
1457,105.7761,0.5953,0.0220
1458,110.6107,0.7109,0.0237
1459,105.3705,0.6881,0.0138
1460,109.7787,0.5530,0.0250
1461,104.7878,0.6955,0.0168
1462,110.5167,0.6542,0.0307
1463,111.1014,0.6835,0.0156
1464,118.5625,0.6375,0.0142
1465,117.4233,0.5388,0.0165
1466,111.0650,0.7278,0.0142
1467,111.2195,0.6250,0.0239
1468,105.7094,0.5810,0.0261
1469,112.1952,0.7195,0.0149
1470,107.4333,0.6785,0.0204
1471,113.6798,0.7245,0.0163
1472,116.2953,0.6449,0.0220
1473,116.4943,0.7011,0.0208
1474,114.4498,0.5436,0.0268
1475,109.7986,0.5365,0.0292
1476,106.7388,0.6991,0.0218
1477,112.4662,0.5676,0.0346
1478,112.1766,0.6715,0.0226
1479,114.5018,0.6307,0.0188
1480,110.0568,0.6880,0.0194
1481,115.4140,0.7150,0.0259
1482,115.5113,0.6630,0.0140
1483,110.7869,0.7155,0.0146
1484,113.0732,0.6687,0.0158
1485,113.7177,0.5498,0.0277
1486,110.4413,0.6223,0.0322
1487,114.9114,0.6315,0.0259
1488,112.0491,0.6249,0.0290
1489,118.4157,0.7144,0.0205
1490,112.5665,0.5920,0.0155
1491,106.8067,0.6785,0.0194
1492,101.0229,0.6986,0.0194
1493,115.8319,0.6819,0.0172
1494,109.0197,0.7261,0.0140
1495,109.4900,0.6956,0.0136
1496,110.3426,0.7269,0.0221
1497,110.0299,0.7252,0.0249
1498,109.1061,0.7203,0.0175
1499,106.4736,0.7060,0.0166
1500,107.0420,0.7252,0.0143
1501,108.5173,0.6162,0.0355
1502,112.6118,0.5976,0.0150
1503,108.5417,0.6346,0.0180
1504,111.6579,0.6451,0.0209
1505,113.4372,0.7083,0.0181
1506,107.9680,0.6496,0.0186
1507,110.6135,0.7183,0.0217
1508,109.0878,0.6880,0.0148
1509,113.0756,0.7173,0.0192
1510,117.2518,0.5576,0.0328
1511,104.6806,0.7167,0.0169
1512,112.2937,0.7153,0.0206
1513,116.0959,0.6131,0.0171
1514,109.8101,0.6586,0.0292
1515,111.3125,0.6974,0.0225
1516,107.8939,0.6362,0.0244
1517,111.7914,0.6104,0.0173
1518,107.4971,0.6975,0.0153
1519,114.3844,0.6507,0.0267
1520,107.0779,0.7216,0.0173
1521,116.3877,0.6695,0.0177
1522,110.1314,0.7089,0.0232
1523,111.4561,0.6479,0.0181
1524,112.1421,0.5411,0.0233
1525,117.2965,0.6725,0.0229
1526,116.1393,0.6826,0.0156
1527,103.9233,0.7146,0.0278
1528,112.2354,0.6380,0.0225
1529,113.5392,0.7156,0.0218
1530,110.5943,0.7256,0.0142
1531,106.5873,0.5603,0.0257
1532,119.0387,0.7077,0.0140
1533,109.1813,0.6200,0.0216
1534,117.3821,0.7271,0.0218
1535,116.1072,0.5775,0.0164
1536,104.7607,0.5740,0.0313
1537,115.7410,0.6292,0.0181
1538,111.5375,0.7113,0.0147
1539,112.5377,0.7217,0.0182
1540,112.0072,0.7244,0.0209
1541,103.9400,0.7205,0.0148
1542,106.2143,0.6276,0.0280
1543,113.4992,0.7092,0.0174
1544,107.2921,0.6110,0.0349
1545,115.7340,0.6999,0.0136
1546,116.1294,0.7093,0.0238
1547,104.7330,0.6678,0.0176
1548,106.8213,0.6743,0.0201
1549,114.2131,0.6552,0.0216
1550,116.0010,0.7235,0.0230
1551,109.6672,0.7185,0.0204
1552,115.5430,0.7045,0.0195
1553,116.3585,0.6915,0.0250
1554,108.6290,0.7247,0.0150
1555,105.9317,0.6108,0.0148
1556,113.3245,0.6354,0.0321
1557,112.6929,0.6714,0.0304
1558,111.1182,0.5590,0.0311
1559,115.2678,0.6854,0.0241
1560,113.8375,0.7210,0.0145
1561,115.3246,0.6958,0.0176
1562,117.5291,0.7226,0.0126
1563,111.5940,0.7183,0.0140
1564,113.7082,0.6694,0.0242
1565,105.9155,0.7076,0.0278
1566,112.8361,0.7108,0.0144
1567,112.9372,0.6752,0.0230
1568,110.6698,0.7001,0.0135
1569,107.4423,0.6583,0.0277
1570,114.9074,0.7270,0.0142
1571,117.0278,0.6778,0.0277
1572,110.1993,0.7261,0.0252
1573,116.9091,0.7198,0.0183
1574,113.9723,0.7218,0.0129
1575,105.7610,0.7215,0.0226
1576,114.8194,0.6599,0.0165
1577,105.7398,0.6850,0.0244
1578,111.6408,0.6550,0.0246
1579,114.4361,0.6464,0.0146
1580,115.6527,0.5463,0.0355
1581,105.7134,0.5512,0.0317
1582,115.3114,0.7075,0.0145
1583,111.7728,0.7195,0.0174
1584,108.0496,0.7185,0.0170
1585,110.7592,0.7070,0.0161
1586,116.9421,0.5653,0.0350
1587,109.7395,0.7183,0.0130
1588,118.4444,0.7234,0.0149
1589,111.7890,0.7162,0.0153
1590,119.2429,0.6704,0.0138
1591,112.0148,0.7286,0.0191
1592,116.6125,0.5343,0.0443
1593,109.5356,0.7190,0.0144
1594,108.1104,0.7246,0.0196
1595,111.0359,0.7206,0.0202
1596,105.4860,0.6992,0.0167
1597,111.4801,0.7002,0.0176
1598,114.7094,0.6584,0.0259
1599,117.6693,0.6047,0.0250
1600,113.1794,0.7046,0.0218
1601,112.6781,0.6843,0.0206
1602,107.1565,0.6502,0.0265
1603,106.6442,0.7090,0.0144
1604,115.1417,0.7260,0.0129
1605,107.7287,0.7185,0.0152
1606,115.8779,0.6910,0.0279
1607,113.8002,0.6900,0.0141
1608,113.4713,0.6588,0.0279
1609,110.3288,0.7285,0.0251
1610,105.1384,0.6641,0.0253
1611,115.2348,0.6062,0.0198
1612,112.4794,0.7255,0.0131
1613,112.4818,0.7256,0.0127
1614,109.2147,0.7205,0.0139
1615,113.5375,0.7268,0.0127
1616,107.7630,0.5617,0.0159
1617,116.9491,0.6178,0.0169
1618,112.5023,0.7191,0.0132
1619,106.9918,0.6261,0.0174
1620,116.7928,0.6672,0.0317
1621,112.5758,0.7043,0.0267
1622,119.5571,0.6732,0.0221
1623,109.4613,0.5917,0.0161
1624,104.8003,0.7237,0.0265
1625,113.3128,0.6946,0.0205
1626,115.5015,0.6964,0.0269
1627,114.3588,0.6734,0.0172
1628,114.1283,0.6426,0.0164
1629,111.3784,0.6912,0.0254
1630,117.6541,0.7156,0.0184
1631,109.6743,0.7253,0.0250
1632,109.1135,0.7162,0.0182
1633,111.9714,0.6656,0.0175
1634,113.9753,0.7277,0.0185
1635,109.8938,0.7250,0.0151
1636,109.1605,0.6879,0.0182
1637,113.0939,0.6062,0.0158
1638,106.6869,0.6310,0.0289
1639,113.3914,0.6657,0.0169
1640,111.9549,0.7074,0.0180
1641,118.8393,0.5652,0.0216
1642,112.8642,0.6329,0.0154
1643,109.6468,0.6277,0.0158
1644,113.6111,0.7205,0.0165
1645,112.3750,0.7206,0.0197
1646,112.7032,0.5742,0.0387
1647,108.8119,0.5923,0.0161
1648,107.0484,0.5284,0.0310
1649,101.3721,0.6977,0.0212
1650,118.2769,0.6737,0.0257
1651,108.7517,0.7006,0.0139
1652,118.1843,0.5910,0.0289
1653,116.2160,0.6924,0.0291
1654,110.1339,0.6641,0.0206
1655,110.9507,0.6697,0.0134
1656,108.5432,0.7223,0.0226
1657,107.2082,0.6961,0.0224
1658,108.8216,0.6554,0.0193
1659,113.4215,0.6767,0.0134
1660,114.1016,0.7036,0.0258
1661,115.6631,0.6800,0.0163
1662,114.4976,0.7280,0.0206
1663,110.5795,0.7211,0.0219
1664,105.9415,0.6989,0.0237
1665,114.2415,0.6218,0.0156
1666,107.3426,0.6334,0.0247
1667,118.9985,0.6715,0.0303
1668,103.0257,0.7282,0.0145
1669,114.4493,0.7200,0.0205
1670,113.4607,0.7244,0.0134
1671,107.4362,0.5885,0.0147
1672,119.9004,0.6330,0.0304
1673,113.0883,0.7198,0.0148
1674,111.0067,0.5383,0.0305
1675,109.8630,0.7257,0.0157
1676,106.5617,0.6687,0.0151
1677,109.9484,0.7176,0.0125
1678,107.9646,0.7152,0.0131
1679,105.6278,0.6322,0.0153
1680,119.6765,0.5666,0.0209
1681,117.4197,0.7137,0.0130
1682,109.8741,0.6893,0.0199
1683,113.7404,0.7178,0.0260
1684,117.6849,0.7146,0.0172
1685,117.6485,0.7191,0.0229
1686,110.8000,0.6836,0.0188
1687,113.5505,0.6597,0.0282
1688,117.2109,0.7170,0.0272
1689,111.5675,0.6194,0.0145
1690,108.8577,0.7195,0.0130
1691,110.0157,0.7248,0.0180
1692,111.4434,0.6449,0.0255
1693,113.4339,0.7197,0.0136
1694,106.5814,0.6636,0.0147
1695,109.5050,0.7230,0.0265
1696,115.2372,0.7182,0.0169
1697,112.8918,0.6089,0.0212
1698,107.1766,0.6026,0.0147
1699,113.8680,0.7216,0.0156
1700,112.0338,0.7256,0.0131
1701,110.4526,0.6760,0.0159
1702,103.5019,0.7115,0.0275
1703,106.5444,0.7202,0.0211
1704,116.4791,0.5883,0.0197
1705,115.8137,0.7085,0.0185
1706,111.8889,0.7232,0.0146
1707,108.5186,0.6443,0.0187
1708,110.5539,0.6451,0.0215
1709,116.7650,0.7261,0.0129
1710,118.9843,0.5555,0.0383
1711,109.9236,0.5359,0.0512
1712,108.3289,0.6730,0.0228
1713,120.0851,0.6568,0.0162
1714,115.0775,0.6620,0.0280
1715,108.8772,0.7049,0.0137
1716,106.1113,0.6821,0.0169
1717,105.3990,0.5924,0.0319
1718,114.3957,0.7000,0.0283
1719,115.5720,0.7245,0.0235
1720,116.2923,0.6724,0.0147
1721,102.8133,0.7255,0.0261
1722,111.0631,0.6312,0.0228
1723,112.6801,0.6616,0.0150
1724,115.7547,0.7259,0.0169
1725,112.0972,0.6998,0.0153
1726,113.4955,0.5956,0.0185
1727,112.3672,0.5890,0.0330
1728,108.9530,0.7257,0.0144
1729,116.3083,0.6974,0.0142
1730,113.7770,0.6801,0.0142
1731,107.8201,0.6098,0.0283
1732,117.0497,0.7232,0.0218
1733,116.8213,0.6891,0.0210
1734,110.0893,0.6905,0.0146
1735,106.1313,0.7168,0.0128
1736,108.9610,0.6662,0.0181
1737,111.4214,0.5537,0.0154
1738,109.2326,0.7203,0.0261
1739,108.0784,0.7198,0.0274
1740,111.1703,0.5972,0.0258
1741,117.3393,0.7186,0.0160
1742,113.1364,0.6011,0.0402
1743,110.3564,0.7164,0.0276
1744,109.0851,0.6738,0.0254
1745,116.0115,0.5880,0.0201
1746,112.4707,0.7136,0.0151
1747,116.2604,0.5542,0.0419
1748,108.0729,0.6978,0.0187
1749,109.7882,0.7122,0.0249
1750,118.4126,0.7258,0.0220
1751,114.3200,0.7133,0.0154
1752,116.0145,0.7228,0.0128
1753,108.9720,0.5461,0.0299
1754,111.0081,0.7270,0.0171
1755,113.0355,0.6879,0.0136
1756,115.9248,0.7043,0.0218
1757,109.4749,0.5399,0.0398
1758,110.9869,0.7068,0.0209
1759,105.7937,0.6500,0.0225
1760,118.0014,0.5842,0.0152
1761,109.9650,0.7222,0.0165
1762,108.8712,0.7216,0.0170
1763,108.2213,0.7200,0.0195
1764,117.1821,0.5708,0.0198
1765,115.7373,0.7038,0.0209
1766,116.1354,0.5540,0.0217
1767,113.5649,0.7049,0.0162
1768,116.7483,0.6598,0.0143
1769,114.8991,0.7217,0.0243
1770,115.5828,0.6686,0.0206
1771,109.2081,0.7040,0.0144
1772,117.5225,0.7189,0.0196
1773,106.5062,0.5912,0.0201
1774,116.5747,0.6685,0.0148
1775,114.9233,0.7223,0.0232
1776,112.1794,0.7193,0.0137
1777,110.9546,0.6701,0.0145
1778,112.7291,0.5778,0.0273
1779,114.3188,0.6195,0.0274
1780,112.4760,0.5557,0.0338
1781,117.1358,0.6555,0.0231
1782,114.3614,0.6602,0.0142
1783,116.9402,0.5869,0.0162
1784,119.9151,0.6087,0.0179
1785,111.9994,0.6848,0.0140
1786,117.2954,0.7227,0.0147
1787,109.5246,0.7220,0.0212
1788,109.6221,0.7181,0.0160
1789,109.3962,0.5809,0.0232
1790,105.9351,0.7034,0.0170
1791,114.7392,0.6276,0.0325
1792,107.5741,0.5925,0.0197
1793,113.8132,0.7135,0.0189
1794,112.1381,0.7005,0.0136
1795,117.1459,0.6429,0.0191
1796,109.9592,0.5956,0.0199
1797,115.3267,0.7113,0.0138
1798,114.7533,0.5712,0.0174
1799,116.1426,0.6598,0.0248
1800,115.0968,0.7196,0.0192
1801,115.8818,0.7193,0.0221
1802,112.1487,0.7190,0.0165
1803,117.6315,0.7229,0.0199
1804,110.9381,0.7226,0.0273
1805,115.2595,0.6880,0.0216
1806,113.7506,0.7264,0.0123
1807,112.8787,0.7251,0.0195
1808,103.8179,0.7064,0.0228
1809,106.6817,0.6603,0.0143
1810,115.0478,0.6484,0.0178
1811,108.0263,0.7176,0.0183
1812,110.7163,0.7156,0.0147
1813,112.1887,0.5281,0.0219
1814,108.9261,0.6040,0.0160
1815,112.8829,0.6780,0.0172
1816,115.5949,0.5927,0.0338
1817,111.0343,0.7011,0.0130
1818,112.3232,0.5464,0.0398
1819,107.7839,0.7167,0.0223
1820,111.0011,0.5374,0.0238
1821,108.8732,0.6435,0.0162
1822,112.6438,0.5476,0.0375
1823,114.4645,0.7015,0.0172
1824,112.8628,0.6275,0.0210
1825,111.4707,0.5710,0.0153
1826,116.5752,0.6090,0.0279
1827,110.0663,0.7161,0.0131
1828,109.1296,0.7276,0.0166
1829,109.8789,0.5973,0.0317
1830,108.8234,0.7040,0.0254
1831,117.1204,0.6073,0.0159
1832,110.0779,0.7221,0.0266
1833,102.4640,0.6699,0.0143
1834,111.2187,0.5646,0.0222
1835,107.0037,0.5823,0.0256
1836,104.5791,0.5286,0.0176
1837,115.3747,0.7102,0.0160
1838,107.4760,0.6900,0.0242
1839,117.1746,0.7145,0.0139
1840,110.7150,0.7270,0.0244
1841,104.2207,0.6916,0.0145
1842,106.4928,0.5197,0.0299
1843,113.7848,0.5577,0.0214
1844,109.5834,0.5794,0.0179
1845,111.2094,0.6360,0.0181
1846,114.8686,0.6669,0.0161
1847,110.9523,0.6459,0.0271
1848,112.4637,0.6909,0.0197
1849,117.8223,0.6859,0.0145
1850,106.8266,0.7272,0.0211
1851,113.6777,0.6917,0.0153
1852,109.9847,0.7176,0.0214
1853,114.9991,0.5622,0.0252
1854,114.6642,0.6966,0.0189
1855,114.8208,0.6644,0.0306
1856,111.9740,0.7260,0.0135
1857,110.6149,0.7114,0.0203
1858,108.0989,0.6559,0.0280
1859,111.9291,0.6002,0.0365
1860,107.0734,0.6914,0.0265
1861,110.4127,0.7256,0.0162
1862,109.9991,0.6677,0.0158
1863,116.3573,0.6832,0.0230
1864,109.4699,0.5620,0.0470
1865,108.3491,0.7252,0.0160
1866,108.5369,0.7234,0.0236
1867,106.3786,0.6573,0.0152
1868,116.0249,0.7289,0.0127
1869,106.1188,0.6362,0.0255
1870,113.6329,0.7206,0.0149
1871,115.0619,0.7278,0.0158
1872,111.8524,0.5829,0.0159
1873,114.9179,0.7170,0.0269
1874,106.7937,0.7241,0.0133
1875,118.0376,0.6503,0.0216
1876,113.2931,0.7226,0.0201
1877,110.7101,0.7019,0.0249
1878,104.6553,0.5429,0.0182
1879,111.9018,0.6799,0.0151
1880,113.3187,0.5287,0.0203
1881,111.7730,0.7129,0.0277
1882,109.8984,0.6424,0.0137
1883,114.1817,0.6972,0.0210
1884,107.8322,0.5778,0.0159
1885,114.5832,0.5433,0.0317
1886,117.9517,0.6881,0.0254
1887,106.9498,0.7256,0.0135
1888,109.6530,0.5716,0.0221
1889,113.6235,0.7235,0.0136
1890,105.5021,0.5338,0.0326
1891,114.8443,0.6841,0.0148
1892,118.1613,0.6950,0.0151
1893,107.7053,0.6622,0.0229
1894,116.3571,0.5780,0.0184
1895,111.1526,0.7202,0.0143
1896,115.8317,0.6291,0.0183
1897,110.2912,0.6577,0.0200
1898,114.9406,0.6133,0.0204
1899,115.4639,0.6531,0.0228
1900,113.4362,0.7032,0.0212
1901,112.8711,0.7059,0.0129
1902,108.2224,0.6171,0.0205
1903,114.5154,0.6568,0.0140
1904,108.2470,0.6822,0.0145
1905,114.9084,0.6919,0.0145
1906,118.1604,0.7166,0.0248
1907,108.6325,0.7075,0.0188
1908,117.0463,0.7283,0.0124
1909,111.8348,0.7248,0.0174
1910,114.5531,0.6964,0.0164
1911,116.9781,0.6817,0.0178
1912,112.6560,0.7266,0.0222
1913,110.4697,0.5957,0.0153
1914,113.2987,0.6754,0.0151
1915,108.4645,0.7278,0.0216
1916,110.9214,0.5693,0.0455
1917,107.9948,0.5935,0.0283
1918,116.3690,0.7239,0.0154
1919,111.3849,0.5964,0.0146
1920,108.7397,0.7268,0.0211
1921,113.3913,0.5524,0.0155
1922,111.9440,0.7265,0.0129
1923,118.2430,0.7287,0.0178
1924,118.1562,0.6725,0.0147
1925,118.1914,0.6994,0.0135
1926,113.4168,0.7082,0.0203
1927,113.4684,0.7108,0.0260
1928,116.7799,0.6253,0.0342
1929,112.6509,0.7263,0.0240
1930,109.8226,0.5747,0.0272
1931,112.8320,0.7117,0.0261
1932,112.4298,0.7287,0.0146
1933,113.1630,0.6707,0.0289
1934,114.9278,0.5619,0.0323
1935,117.3061,0.7248,0.0173
1936,114.2475,0.7284,0.0132
1937,112.0887,0.6562,0.0218
1938,111.6797,0.7250,0.0238
1939,113.2821,0.6427,0.0153
1940,109.6251,0.6394,0.0148
1941,110.9801,0.7064,0.0231
1942,112.7658,0.7096,0.0182
1943,109.3097,0.5296,0.0201
1944,111.9278,0.6467,0.0149
1945,112.3525,0.5188,0.0201
1946,111.2877,0.7186,0.0140
1947,110.7241,0.6939,0.0173
1948,111.9144,0.6465,0.0207
1949,110.1270,0.7145,0.0135
1950,115.4108,0.7189,0.0160
1951,108.8188,0.7139,0.0248
1952,109.4408,0.6335,0.0265
1953,114.9134,0.6148,0.0200
1954,115.5811,0.7051,0.0191
1955,115.0576,0.7251,0.0194
1956,111.5862,0.7243,0.0186
1957,117.0721,0.5711,0.0157
1958,112.1880,0.5662,0.0157
1959,103.7063,0.7271,0.0190
1960,112.1709,0.7271,0.0241
1961,111.0401,0.6002,0.0159
1962,107.8969,0.7164,0.0184
1963,114.7700,0.7266,0.0184
1964,103.4410,0.6659,0.0146
1965,113.0120,0.6903,0.0159
1966,111.9328,0.7029,0.0234
1967,105.2532,0.5828,0.0193
1968,109.5719,0.6280,0.0204
1969,112.9693,0.6844,0.0203
1970,113.0313,0.7227,0.0166
1971,115.6549,0.6467,0.0235
1972,112.3293,0.6146,0.0162
1973,114.6828,0.6421,0.0163
1974,109.2767,0.7036,0.0156
1975,105.4537,0.6965,0.0266
1976,111.7183,0.6904,0.0135
1977,116.2194,0.7256,0.0133
1978,108.0941,0.7149,0.0174
1979,108.4936,0.7253,0.0139
1980,117.3145,0.7258,0.0222
1981,111.3507,0.6317,0.0178
1982,108.8650,0.7015,0.0169
1983,113.2005,0.5960,0.0180
1984,110.5007,0.6948,0.0199
1985,103.3931,0.5585,0.0166
1986,108.3275,0.5702,0.0433
1987,112.1361,0.6434,0.0166
1988,110.1647,0.6334,0.0156
1989,107.2367,0.6461,0.0192
1990,109.1082,0.6042,0.0158
1991,113.0316,0.7244,0.0154
1992,109.9159,0.7193,0.0263
1993,112.3918,0.7110,0.0147
1994,107.9921,0.6244,0.0236
1995,118.7183,0.6809,0.0190
1996,113.5764,0.6682,0.0158
1997,112.2322,0.6429,0.0152
1998,113.1528,0.7100,0.0160
1999,109.8955,0.6002,0.0236
2000,113.6715,0.7259,0.0243
2001,109.5041,0.6490,0.0148
2002,113.2309,0.6532,0.0268
2003,117.5050,0.7240,0.0211
2004,109.6704,0.6786,0.0173
2005,116.6466,0.7271,0.0123
2006,108.1337,0.6317,0.0220
2007,110.0160,0.7129,0.0132
2008,114.8218,0.6860,0.0188
2009,110.8999,0.5355,0.0424
2010,115.8274,0.7168,0.0226
2011,110.3481,0.5837,0.0183
2012,112.5258,0.6801,0.0209
2013,108.2150,0.7041,0.0158
2014,115.5456,0.7198,0.0146
2015,114.5553,0.6979,0.0266
2016,113.5878,0.7266,0.0126
2017,110.1820,0.7197,0.0142
2018,106.6398,0.6172,0.0298
2019,111.9249,0.5873,0.0220
2020,110.0331,0.6886,0.0170
2021,115.0927,0.6166,0.0257
2022,113.4142,0.7281,0.0156
2023,107.5549,0.7069,0.0241
2024,107.8088,0.5235,0.0279
2025,114.0937,0.7249,0.0214
2026,107.2099,0.7053,0.0193
2027,108.2533,0.7246,0.0125
2028,110.2715,0.7054,0.0208
2029,109.8216,0.5992,0.0224
2030,119.1949,0.7288,0.0123
2031,108.7779,0.5682,0.0290
2032,112.1161,0.7290,0.0172
2033,109.0124,0.7247,0.0251
2034,107.6920,0.6851,0.0289
2035,106.7923,0.6265,0.0182
2036,112.2586,0.7093,0.0140
2037,113.3573,0.7274,0.0206
2038,113.2497,0.7128,0.0281
2039,110.7581,0.6530,0.0156
2040,111.3882,0.7097,0.0186
2041,113.2052,0.5960,0.0171
2042,114.8954,0.5885,0.0241
2043,103.4261,0.7255,0.0169
2044,109.6577,0.6579,0.0150
2045,107.3287,0.5296,0.0373
2046,117.3305,0.7248,0.0160
2047,115.3842,0.7282,0.0168
2048,115.8545,0.7286,0.0145
2049,115.8322,0.7144,0.0126
2050,112.5441,0.6985,0.0175
2051,111.7924,0.6827,0.0136
2052,101.4446,0.7224,0.0244
2053,111.7085,0.5624,0.0227
2054,116.2920,0.7206,0.0159
2055,114.3435,0.7265,0.0205
2056,113.0312,0.6820,0.0141
2057,112.2646,0.6769,0.0206
2058,115.2618,0.7281,0.0126
2059,110.9158,0.7053,0.0167
2060,112.0778,0.6977,0.0132
2061,109.2789,0.5345,0.0253
2062,112.8424,0.5377,0.0332
2063,111.4553,0.6929,0.0141
2064,109.5404,0.5904,0.0199
2065,111.6125,0.7172,0.0241
2066,112.7374,0.6982,0.0291
2067,117.1336,0.7143,0.0143
2068,114.4230,0.6888,0.0144
2069,111.1306,0.5686,0.0196
2070,109.5214,0.6799,0.0133
2071,112.0527,0.6457,0.0324
2072,110.5000,0.7183,0.0249
2073,113.9578,0.7042,0.0155
2074,115.8416,0.5846,0.0236
2075,101.3631,0.5368,0.0184
2076,108.9395,0.6671,0.0176
2077,107.4001,0.7181,0.0184
2078,110.7649,0.5271,0.0208
2079,114.3608,0.7117,0.0174
2080,111.6420,0.5230,0.0333
2081,112.0316,0.7112,0.0262
2082,113.9754,0.6801,0.0145
2083,111.2768,0.6884,0.0187
2084,108.3325,0.7001,0.0177
2085,115.0195,0.7266,0.0129
2086,108.2732,0.5777,0.0272
2087,118.1426,0.7017,0.0132
2088,113.1144,0.7194,0.0267
2089,110.1306,0.6396,0.0155
2090,117.1871,0.6774,0.0160
2091,114.8221,0.7090,0.0262
2092,104.4482,0.7181,0.0151
2093,116.1213,0.6477,0.0148
2094,115.9505,0.5945,0.0277
2095,117.3746,0.7024,0.0129
2096,115.0987,0.7216,0.0219
2097,109.0761,0.7214,0.0187
2098,113.4372,0.7288,0.0152
2099,110.0866,0.6075,0.0168
2100,112.0414,0.7250,0.0176
2101,111.4822,0.6841,0.0166
2102,106.4957,0.5192,0.0306
2103,113.0092,0.6291,0.0182
2104,115.8208,0.5176,0.0174
2105,113.9412,0.6669,0.0148
2106,108.9819,0.7146,0.0169
2107,107.7722,0.7193,0.0158
2108,110.9543,0.7212,0.0198
2109,111.4610,0.6287,0.0215
2110,116.4427,0.7111,0.0142
2111,110.4922,0.7242,0.0166
2112,106.7876,0.5726,0.0155
2113,117.0417,0.6008,0.0200
2114,108.8322,0.7151,0.0159
2115,110.9451,0.6829,0.0151
2116,116.4437,0.6279,0.0306
2117,117.8551,0.5880,0.0167
2118,111.3925,0.6771,0.0172
2119,108.7050,0.7225,0.0171
2120,115.8201,0.5133,0.0243
2121,114.0483,0.6385,0.0161
2122,111.4946,0.7045,0.0173
2123,111.8724,0.6939,0.0200
2124,108.8856,0.5713,0.0377
2125,109.3069,0.6411,0.0223
2126,117.0665,0.7003,0.0205
2127,108.9913,0.7289,0.0138
2128,112.1331,0.7230,0.0158
2129,111.9756,0.5275,0.0491
2130,115.4734,0.6544,0.0272
2131,110.6629,0.7245,0.0162
2132,110.2978,0.5658,0.0226
2133,106.2228,0.7203,0.0212
2134,111.2185,0.7237,0.0127
2135,115.6104,0.6470,0.0196
2136,109.9975,0.7284,0.0162
2137,109.4662,0.7167,0.0172
2138,118.1176,0.7282,0.0148
2139,113.8409,0.7266,0.0218
2140,115.7706,0.6967,0.0134
2141,102.2391,0.5525,0.0177
2142,110.4745,0.7273,0.0130
2143,111.6307,0.5133,0.0399
2144,113.2655,0.5736,0.0231
2145,116.6992,0.5811,0.0170
2146,115.1269,0.5883,0.0149
2147,112.3942,0.5324,0.0290
2148,111.8612,0.7155,0.0235
2149,111.5138,0.7148,0.0155
2150,114.5658,0.7285,0.0131
2151,110.7741,0.7193,0.0160
2152,111.3009,0.5339,0.0223
2153,110.3226,0.6854,0.0166
2154,108.8702,0.6978,0.0157
2155,104.5557,0.5541,0.0358
2156,115.0857,0.6747,0.0305
2157,108.3674,0.6143,0.0360
2158,110.1859,0.6598,0.0143
2159,106.8947,0.6793,0.0201
2160,119.8949,0.5847,0.0239
2161,112.0069,0.5492,0.0156
2162,110.7352,0.7247,0.0140
2163,118.6839,0.7203,0.0144
2164,110.3837,0.6255,0.0150
2165,114.5586,0.6703,0.0149
2166,110.7887,0.7094,0.0147
2167,113.8977,0.7275,0.0126
2168,111.5753,0.5616,0.0200
2169,107.3339,0.6087,0.0206
2170,119.7233,0.5899,0.0380
2171,104.5863,0.6588,0.0236
2172,118.0213,0.5584,0.0368
2173,114.5276,0.7214,0.0160
2174,108.5435,0.7233,0.0155
2175,115.7946,0.7084,0.0224
2176,114.8987,0.6741,0.0150
2177,114.1555,0.7195,0.0140
2178,115.3169,0.7135,0.0236
2179,116.6701,0.7024,0.0192
2180,114.2898,0.6710,0.0170
2181,109.9434,0.7280,0.0133
2182,108.7577,0.6579,0.0175
2183,116.5799,0.7254,0.0237
2184,108.7985,0.7087,0.0147
2185,115.2466,0.7012,0.0170
2186,110.0873,0.7282,0.0150
2187,113.6627,0.7229,0.0242
2188,118.5050,0.6676,0.0159
2189,116.4372,0.6267,0.0160
2190,114.8222,0.7117,0.0127
2191,113.6171,0.6437,0.0168
2192,109.8020,0.5600,0.0224
2193,113.4147,0.5652,0.0260
2194,105.6485,0.5880,0.0160
2195,110.2589,0.6542,0.0141
2196,109.5539,0.6904,0.0210
2197,107.0017,0.5965,0.0147
2198,109.5085,0.7230,0.0128
2199,117.5516,0.6713,0.0179
2200,109.3680,0.5335,0.0470
2201,111.7911,0.6427,0.0321
2202,109.0333,0.6838,0.0275
2203,112.0140,0.6951,0.0140
2204,114.2500,0.6375,0.0324
2205,115.0854,0.6763,0.0166
2206,108.1026,0.7122,0.0253
2207,105.7491,0.5944,0.0211
2208,107.4556,0.7182,0.0171
2209,113.0614,0.6401,0.0140
2210,115.6268,0.7267,0.0141
2211,111.0995,0.5603,0.0188
2212,113.4705,0.6427,0.0285
2213,113.2144,0.7185,0.0140
2214,116.5071,0.6016,0.0230
2215,105.2538,0.6966,0.0185
2216,112.9976,0.6374,0.0262
2217,114.6483,0.7263,0.0143
2218,116.5770,0.7148,0.0281
2219,113.3540,0.6700,0.0188
2220,115.1414,0.7129,0.0164
2221,113.0128,0.6922,0.0242
2222,114.0666,0.7231,0.0142
2223,114.6445,0.6708,0.0174
2224,115.3094,0.6783,0.0315
2225,113.4116,0.7280,0.0128
2226,111.7394,0.7182,0.0266
2227,105.6217,0.7212,0.0194
2228,105.4187,0.6270,0.0234
2229,111.0283,0.6127,0.0187
2230,117.1600,0.5590,0.0413
2231,109.8193,0.6468,0.0203
2232,119.6517,0.5245,0.0216
2233,110.7248,0.5472,0.0508
2234,114.2867,0.6438,0.0169
2235,109.2947,0.6270,0.0184
2236,111.2092,0.7142,0.0203
2237,109.5722,0.7264,0.0171
2238,109.6379,0.6287,0.0216
2239,110.0993,0.5348,0.0269
2240,114.2986,0.7271,0.0209
2241,111.6921,0.5232,0.0170
2242,116.0060,0.6582,0.0177
2243,116.7749,0.7009,0.0162
2244,108.3571,0.7251,0.0141
2245,114.0806,0.7134,0.0246
2246,112.8030,0.6856,0.0181
2247,108.5779,0.5874,0.0236
2248,115.3958,0.6773,0.0192
2249,110.7470,0.7141,0.0137
2250,110.4646,0.6593,0.0252
2251,115.3693,0.6877,0.0190
2252,111.0664,0.7287,0.0235
2253,104.9859,0.6642,0.0154
2254,108.9829,0.7223,0.0142
2255,118.5992,0.5917,0.0230
2256,105.3935,0.7267,0.0216
2257,110.3876,0.7085,0.0145
2258,115.3604,0.7161,0.0162
2259,111.3423,0.5117,0.0359
2260,107.4158,0.6861,0.0136
2261,107.5644,0.6901,0.0149
2262,107.5650,0.5751,0.0174
2263,105.6758,0.6313,0.0163
2264,112.5319,0.5516,0.0381
2265,110.8656,0.6272,0.0282
2266,108.9443,0.6812,0.0214
2267,103.0236,0.7245,0.0155
2268,109.3757,0.7236,0.0212
2269,113.9326,0.7137,0.0144
2270,104.9921,0.5928,0.0341
2271,118.5191,0.7252,0.0124
2272,115.3429,0.7242,0.0233
2273,116.6175,0.6106,0.0338
2274,113.5002,0.7188,0.0191
2275,116.9880,0.7147,0.0129
2276,112.9651,0.5389,0.0240
2277,116.5433,0.7072,0.0245
2278,113.3946,0.6453,0.0234
2279,116.0834,0.7150,0.0258
2280,105.6988,0.7091,0.0254
2281,112.7307,0.6057,0.0152
2282,111.8196,0.6816,0.0176
2283,116.5958,0.6562,0.0188
2284,104.7331,0.6278,0.0231
2285,108.1866,0.6363,0.0157
2286,113.0856,0.7197,0.0178
2287,112.1006,0.6478,0.0140
2288,117.4594,0.7275,0.0248
2289,118.2551,0.7040,0.0291
2290,107.4509,0.6966,0.0143
2291,114.4475,0.6496,0.0155
2292,108.8811,0.6974,0.0138
2293,108.4953,0.7155,0.0129
2294,112.0947,0.6841,0.0181
2295,105.0504,0.5984,0.0239
2296,109.7154,0.5682,0.0295
2297,110.0087,0.6407,0.0190
2298,114.5735,0.7153,0.0259
2299,108.5873,0.7027,0.0207
2300,109.8572,0.6403,0.0155
2301,113.6059,0.5618,0.0248
2302,114.1695,0.7225,0.0249
2303,113.8788,0.6485,0.0164
2304,110.6199,0.6891,0.0153
2305,118.4301,0.7004,0.0184
2306,108.4910,0.6453,0.0323
2307,114.8671,0.5451,0.0220
2308,113.1022,0.6846,0.0152
2309,102.7735,0.7221,0.0153
2310,113.7503,0.7207,0.0132
2311,112.7523,0.7140,0.0184
2312,110.0488,0.5667,0.0156
2313,108.6178,0.6787,0.0140
2314,117.3159,0.5282,0.0240
2315,112.3897,0.5373,0.0401
2316,116.0509,0.5981,0.0199
2317,111.8144,0.6218,0.0191
2318,109.5402,0.6354,0.0181
2319,112.6416,0.6469,0.0148
2320,115.5363,0.7240,0.0200
2321,110.1711,0.6996,0.0247
2322,110.2334,0.6835,0.0192
2323,114.9225,0.7259,0.0130
2324,111.3234,0.7099,0.0174
2325,111.4723,0.6863,0.0137
2326,110.9112,0.7183,0.0205
2327,112.7184,0.5177,0.0194
2328,117.3997,0.6835,0.0196
2329,110.8003,0.7212,0.0145
2330,112.3323,0.6949,0.0175
2331,110.5275,0.7262,0.0207
2332,114.8784,0.7069,0.0257
2333,113.8332,0.5491,0.0342
2334,110.3222,0.7225,0.0144
2335,119.5066,0.6884,0.0221
2336,114.7774,0.6829,0.0151
2337,115.1149,0.6691,0.0146
2338,107.3997,0.7239,0.0135
2339,110.9009,0.6364,0.0166
2340,108.9080,0.7082,0.0130
2341,109.1514,0.7141,0.0189
2342,110.7689,0.7096,0.0145
2343,109.7293,0.6817,0.0227
2344,111.0649,0.6969,0.0175
2345,112.4983,0.7251,0.0190
2346,108.7484,0.6757,0.0165
2347,115.9666,0.7229,0.0130
2348,117.5630,0.6765,0.0240
2349,107.5893,0.6317,0.0227
2350,115.9414,0.5525,0.0283
2351,107.4321,0.7114,0.0213
2352,113.6458,0.7230,0.0131
2353,109.5760,0.7258,0.0218
2354,113.8352,0.6480,0.0255
2355,112.9655,0.5790,0.0190
2356,106.6112,0.6924,0.0136
2357,115.6888,0.7273,0.0232
2358,117.1809,0.6563,0.0299
2359,117.0927,0.7058,0.0292
2360,114.7217,0.6767,0.0172
2361,114.8137,0.7290,0.0144
2362,107.0556,0.7289,0.0168
2363,108.7339,0.7162,0.0130
2364,110.4437,0.5170,0.0346
2365,113.5434,0.6967,0.0140
2366,110.2064,0.5422,0.0317
2367,107.8455,0.7138,0.0137
2368,111.0163,0.7284,0.0183
2369,106.6129,0.7022,0.0137
2370,105.2369,0.6864,0.0262
2371,113.4852,0.7204,0.0180
2372,114.0060,0.7229,0.0178
2373,119.5979,0.5779,0.0260
2374,113.3792,0.7249,0.0236
2375,113.9804,0.5863,0.0147
2376,111.0702,0.6087,0.0222
2377,108.9186,0.7148,0.0216
2378,114.4016,0.6199,0.0166
2379,110.6767,0.6475,0.0212
2380,116.0434,0.5859,0.0382
2381,112.1929,0.6766,0.0139
2382,111.6786,0.6467,0.0193
2383,112.9978,0.7268,0.0182
2384,113.9755,0.6299,0.0141
2385,113.4032,0.7134,0.0237
2386,116.3547,0.7113,0.0139
2387,110.2379,0.6296,0.0151
2388,118.4795,0.5475,0.0294
2389,109.9553,0.5799,0.0228
2390,115.7863,0.7052,0.0224
2391,110.5543,0.7249,0.0138
2392,109.4840,0.5686,0.0404
2393,109.1941,0.6351,0.0285
2394,116.0337,0.7252,0.0216
2395,106.1231,0.6768,0.0230
2396,112.9036,0.6816,0.0255
2397,113.7314,0.5770,0.0186
2398,114.7029,0.5529,0.0320
2399,107.2632,0.6213,0.0154
2400,111.7433,0.7036,0.0243
2401,114.2357,0.6118,0.0202
2402,117.0591,0.7220,0.0190
2403,112.4875,0.6491,0.0161
2404,107.7480,0.7039,0.0164
2405,103.8611,0.7178,0.0160
2406,110.2823,0.7240,0.0125
2407,118.5407,0.7202,0.0207
2408,109.1278,0.6854,0.0203
2409,109.9768,0.6160,0.0144
2410,109.4159,0.7174,0.0246
2411,113.9625,0.6396,0.0140
2412,114.8553,0.5963,0.0258
2413,109.7086,0.6098,0.0369
2414,109.5222,0.5629,0.0350
2415,105.4467,0.5827,0.0378
2416,117.9328,0.7249,0.0223
2417,111.5849,0.6554,0.0219
2418,108.3475,0.7259,0.0185
2419,111.3615,0.5925,0.0252
2420,104.0165,0.7232,0.0144
2421,110.8620,0.6089,0.0354
2422,108.1301,0.7144,0.0190
2423,112.0629,0.6945,0.0174
2424,110.1314,0.7133,0.0144
2425,112.0279,0.6083,0.0306
2426,111.0574,0.6731,0.0146
2427,114.2911,0.6839,0.0141
2428,112.9244,0.6693,0.0230
2429,115.8509,0.5896,0.0338
2430,108.9903,0.6625,0.0279
2431,113.6037,0.7257,0.0131
2432,112.9231,0.7195,0.0255
2433,110.8496,0.6713,0.0146
2434,109.6244,0.5813,0.0184
2435,109.7289,0.6928,0.0217
2436,113.5489,0.7144,0.0129
2437,101.9442,0.6365,0.0179
2438,110.8798,0.7035,0.0189
2439,112.4674,0.6633,0.0141
2440,119.4149,0.5267,0.0207
2441,109.6173,0.6081,0.0284
2442,112.7957,0.7226,0.0133
2443,113.9553,0.6728,0.0186
2444,113.3215,0.5859,0.0168
2445,108.8116,0.5685,0.0210
2446,103.9326,0.7246,0.0144
2447,117.0918,0.7105,0.0179
2448,112.1784,0.7251,0.0260
2449,109.3166,0.7236,0.0128
2450,114.6495,0.6384,0.0140
2451,115.3721,0.7208,0.0165
2452,113.9267,0.6428,0.0159
2453,109.1621,0.7064,0.0173
2454,109.5177,0.5225,0.0167
2455,110.9566,0.6983,0.0217
2456,110.2338,0.6985,0.0151
2457,110.2031,0.6329,0.0151
2458,109.8337,0.7050,0.0132
2459,110.0108,0.7000,0.0210
2460,116.0118,0.5897,0.0265
2461,116.7556,0.6750,0.0167
2462,113.9782,0.6790,0.0146
2463,112.1495,0.5779,0.0195
2464,113.4687,0.6158,0.0183
2465,113.5769,0.7059,0.0193
2466,115.9320,0.5883,0.0265
2467,108.9453,0.5406,0.0434
2468,98.2661,0.6350,0.0208
2469,113.0619,0.6725,0.0159
2470,112.0278,0.6390,0.0147
2471,107.0642,0.7236,0.0253
2472,108.6216,0.5662,0.0176
2473,110.9967,0.7285,0.0261
2474,110.0453,0.7279,0.0136
2475,116.6587,0.6689,0.0250
2476,115.2049,0.6718,0.0178
2477,112.9684,0.6567,0.0174
2478,110.1007,0.7255,0.0155
2479,114.1436,0.5679,0.0329
2480,116.1613,0.7001,0.0226
2481,119.4938,0.5970,0.0148
2482,116.6990,0.7107,0.0211
2483,109.9731,0.6817,0.0256
2484,109.1948,0.6919,0.0223
2485,111.4811,0.6062,0.0173
2486,115.9348,0.7281,0.0125
2487,108.8075,0.7257,0.0194
2488,106.9623,0.7243,0.0225
2489,118.1868,0.7071,0.0132
2490,110.7508,0.7186,0.0235
2491,112.6556,0.7150,0.0189
2492,106.2363,0.7108,0.0182
2493,112.7172,0.6986,0.0173
2494,106.9094,0.5370,0.0225
2495,109.9406,0.7197,0.0153
2496,119.2377,0.6895,0.0203
2497,108.1891,0.7203,0.0144
2498,107.7372,0.5900,0.0148
2499,115.8822,0.7278,0.0124
2500,113.6434,0.7024,0.0142
2501,110.7812,0.7193,0.0127
2502,111.7020,0.6762,0.0140
2503,114.1283,0.7110,0.0126
2504,115.4719,0.7281,0.0172
2505,110.4088,0.5862,0.0332
2506,107.1918,0.7187,0.0230
2507,111.6406,0.6277,0.0143
2508,115.4380,0.7008,0.0138
2509,109.8485,0.6379,0.0141
2510,111.2842,0.7288,0.0134
2511,103.0118,0.5351,0.0266
2512,114.1595,0.7028,0.0282
2513,112.8471,0.6951,0.0138
2514,114.1478,0.6261,0.0174
2515,117.9709,0.7062,0.0188
2516,113.2612,0.7183,0.0151
2517,107.3704,0.7228,0.0254
2518,112.2277,0.6093,0.0262
2519,110.2395,0.6997,0.0230
2520,115.3518,0.7118,0.0135
2521,115.0269,0.5860,0.0400
2522,108.6507,0.7085,0.0191
2523,108.6677,0.7266,0.0189
2524,112.0260,0.6508,0.0214
2525,112.8674,0.7141,0.0217
2526,112.9963,0.6868,0.0237
2527,115.8766,0.6385,0.0320
2528,113.4109,0.6984,0.0206
2529,111.4403,0.7172,0.0274
2530,110.8730,0.7273,0.0219
2531,99.1320,0.7288,0.0238
2532,115.4766,0.6879,0.0157
2533,109.2905,0.6923,0.0234
2534,113.3743,0.6777,0.0275
2535,108.9974,0.5966,0.0147
2536,116.4672,0.7261,0.0137
2537,111.0220,0.5521,0.0181
2538,113.3358,0.7253,0.0133
2539,110.4007,0.6395,0.0160
2540,109.9729,0.7263,0.0128
2541,118.8872,0.6726,0.0218
2542,113.8910,0.7224,0.0131
2543,108.6958,0.6900,0.0141
2544,113.8552,0.5857,0.0297
2545,109.4231,0.5989,0.0158
2546,116.2784,0.7113,0.0175
2547,116.4001,0.7209,0.0128
2548,120.0961,0.7289,0.0122
2549,111.5337,0.7051,0.0204
2550,111.2325,0.7256,0.0274
2551,109.3272,0.7265,0.0143
2552,118.8332,0.5214,0.0360
2553,112.7010,0.5692,0.0341
2554,113.5458,0.6227,0.0290
2555,114.2912,0.5395,0.0164
2556,117.5327,0.7164,0.0269
2557,108.1842,0.6292,0.0148
2558,116.8267,0.5242,0.0405
2559,107.5086,0.6536,0.0179
2560,116.6617,0.7222,0.0136
2561,111.8967,0.7290,0.0231
2562,112.9252,0.6154,0.0152
2563,117.2069,0.7249,0.0234
2564,111.5640,0.7271,0.0236
2565,117.6995,0.7022,0.0206
2566,109.7004,0.6818,0.0143
2567,113.0127,0.7257,0.0142
2568,106.4548,0.5270,0.0192
2569,112.5839,0.6920,0.0174
2570,121.5944,0.7061,0.0180
2571,110.0349,0.7069,0.0136
2572,110.4960,0.6520,0.0147
2573,110.2662,0.7160,0.0279
2574,112.0337,0.7120,0.0154
2575,110.6329,0.6835,0.0250
2576,113.7049,0.6735,0.0148
2577,112.6887,0.5501,0.0155
2578,115.9314,0.7012,0.0192
2579,111.4565,0.7279,0.0154
2580,116.6417,0.5404,0.0380
2581,109.9700,0.5847,0.0400
2582,114.7151,0.6436,0.0146
2583,108.0772,0.5446,0.0413
2584,111.5677,0.6989,0.0237
2585,112.4457,0.5223,0.0326
2586,113.5316,0.6062,0.0147
2587,113.4910,0.7230,0.0180
2588,116.0303,0.6786,0.0203
2589,114.6428,0.6110,0.0154
2590,107.6808,0.6967,0.0156
2591,115.7362,0.6198,0.0268
2592,109.8836,0.7254,0.0205
2593,113.5316,0.6873,0.0198
2594,111.7620,0.6070,0.0189
2595,111.8025,0.7215,0.0147
2596,116.3436,0.6925,0.0181
2597,109.7705,0.5496,0.0188
2598,109.9421,0.7213,0.0135
2599,114.3567,0.6961,0.0150
2600,110.9579,0.6012,0.0190
2601,110.4927,0.5745,0.0158
2602,115.3516,0.6244,0.0141
2603,98.7115,0.7289,0.0210
2604,109.6408,0.6394,0.0190
2605,110.2856,0.6581,0.0154
2606,108.6471,0.6087,0.0229
2607,111.8481,0.6568,0.0251
2608,110.3256,0.6687,0.0137
2609,111.8233,0.7095,0.0192
2610,114.4207,0.6841,0.0282
2611,110.5883,0.6916,0.0134
2612,106.0017,0.7179,0.0245
2613,111.8305,0.6789,0.0144
2614,115.3327,0.6343,0.0180
2615,109.2431,0.6759,0.0219
2616,109.3741,0.5587,0.0205
2617,111.8269,0.5631,0.0423
2618,112.8547,0.6350,0.0305
2619,112.4494,0.6548,0.0239
2620,112.9569,0.6205,0.0202
2621,111.4345,0.5653,0.0293
2622,114.6176,0.7210,0.0186
2623,117.8717,0.7130,0.0219
2624,114.0588,0.7008,0.0210
2625,109.5442,0.7155,0.0237
2626,107.6996,0.6619,0.0202
2627,113.7561,0.6947,0.0229
2628,108.6750,0.6753,0.0213
2629,112.3819,0.5953,0.0314
2630,116.8875,0.7252,0.0239
2631,111.0962,0.6730,0.0223
2632,115.1234,0.7270,0.0222
2633,118.2813,0.7150,0.0204
2634,113.7040,0.7175,0.0158
2635,117.1378,0.6469,0.0169
2636,118.5686,0.7241,0.0140
2637,111.3041,0.7040,0.0197
2638,111.8962,0.6328,0.0161
2639,110.3389,0.5768,0.0177
2640,118.8663,0.6995,0.0193
2641,112.7603,0.6851,0.0213
2642,109.8719,0.5606,0.0165
2643,102.1098,0.6323,0.0259
2644,117.0865,0.6912,0.0191
2645,111.9188,0.5524,0.0325
2646,118.0016,0.7172,0.0186
2647,110.3932,0.6844,0.0210
2648,100.2280,0.6054,0.0310
2649,113.6485,0.6897,0.0296
2650,112.5105,0.5647,0.0205
2651,106.5486,0.7226,0.0225
2652,112.9228,0.7077,0.0231
2653,111.4526,0.5535,0.0167
2654,115.0535,0.5410,0.0268
2655,112.7437,0.5596,0.0402
2656,111.8904,0.6538,0.0180
2657,109.0658,0.7241,0.0180
2658,110.6595,0.7177,0.0248
2659,113.8474,0.6929,0.0210
2660,114.2301,0.6936,0.0184
2661,114.3618,0.7224,0.0164
2662,111.7412,0.7084,0.0129
2663,113.0479,0.6228,0.0341
2664,112.8429,0.6164,0.0230
2665,114.2912,0.7227,0.0254
2666,118.6166,0.6953,0.0248
2667,113.9419,0.6723,0.0275
2668,111.6896,0.6601,0.0279
2669,108.7132,0.7037,0.0227
2670,109.7816,0.5400,0.0232
2671,118.2232,0.6411,0.0325
2672,115.9097,0.6653,0.0170
2673,103.5809,0.7235,0.0129
2674,107.0532,0.7089,0.0165
2675,109.6169,0.6448,0.0147
2676,112.3780,0.5968,0.0174
2677,114.4068,0.6851,0.0211
2678,111.7100,0.7213,0.0165
2679,104.9675,0.7080,0.0188
2680,115.5747,0.7062,0.0167
2681,117.2819,0.7281,0.0123
2682,109.1156,0.6858,0.0179
2683,114.7210,0.5296,0.0214
2684,112.5063,0.7246,0.0210
2685,113.3121,0.5503,0.0183
2686,115.9827,0.5365,0.0225
2687,108.9709,0.7250,0.0193
2688,115.8406,0.6362,0.0273
2689,112.0655,0.6602,0.0208
2690,112.3647,0.6873,0.0181
2691,119.0599,0.7066,0.0136
2692,109.2533,0.7277,0.0169
2693,114.0152,0.7020,0.0289
2694,112.5837,0.5832,0.0406
2695,115.1402,0.6070,0.0168
2696,107.6141,0.6899,0.0169
2697,116.2643,0.7099,0.0143
2698,113.7104,0.5862,0.0154
2699,111.4355,0.7213,0.0131
2700,112.9390,0.6155,0.0283
2701,118.4361,0.5753,0.0362
2702,115.2242,0.7115,0.0163
2703,118.4995,0.7024,0.0148
2704,109.4465,0.7098,0.0150
2705,108.9756,0.7247,0.0178
2706,107.5201,0.7282,0.0156
2707,116.0958,0.6777,0.0154
2708,111.9842,0.6582,0.0319
2709,112.9531,0.5575,0.0165
2710,112.2770,0.5239,0.0253
2711,118.6939,0.6927,0.0168
2712,100.8059,0.6682,0.0223
2713,113.7038,0.6732,0.0225
2714,112.2555,0.6015,0.0155
2715,107.2012,0.5798,0.0167
2716,109.8144,0.6943,0.0203
2717,109.9786,0.6413,0.0213
2718,104.6765,0.5236,0.0202
2719,108.6758,0.5943,0.0153
2720,107.3662,0.5555,0.0353
2721,111.9001,0.6573,0.0142
2722,114.0736,0.5160,0.0217
2723,110.3018,0.7210,0.0201
2724,115.6496,0.6643,0.0205
2725,108.3842,0.7194,0.0265
2726,105.4308,0.5945,0.0325
2727,111.2223,0.6444,0.0241
2728,119.7815,0.7211,0.0233
2729,113.9071,0.7008,0.0154
2730,115.2085,0.7053,0.0162
2731,115.2989,0.6113,0.0287
2732,111.9146,0.6519,0.0279
2733,108.6413,0.7199,0.0143
2734,104.7326,0.7120,0.0156
2735,112.4394,0.5817,0.0272
2736,106.6730,0.7142,0.0275
2737,110.5892,0.6428,0.0209
2738,114.3470,0.7020,0.0157
2739,111.2014,0.7174,0.0223
2740,109.7136,0.7279,0.0221
2741,112.3370,0.6409,0.0251
2742,113.6428,0.6381,0.0175
2743,114.2448,0.6995,0.0145
2744,113.3529,0.6686,0.0243
2745,111.6539,0.5863,0.0375
2746,119.7993,0.6872,0.0154
2747,114.5839,0.6414,0.0206
2748,114.2575,0.5286,0.0233
2749,105.0593,0.6800,0.0243
2750,109.4274,0.7288,0.0260
2751,106.0884,0.7269,0.0160
2752,103.0105,0.7247,0.0234
2753,114.3702,0.6800,0.0168
2754,110.6258,0.7200,0.0176
2755,111.1952,0.7149,0.0206
2756,118.5773,0.5419,0.0222
2757,112.9342,0.7122,0.0148
2758,111.3465,0.6361,0.0155
2759,117.7659,0.5736,0.0293
2760,109.6293,0.6630,0.0169
2761,108.2861,0.7092,0.0278
2762,109.5305,0.7240,0.0249
2763,110.5143,0.7234,0.0242
2764,109.9661,0.5531,0.0160
2765,111.8434,0.7253,0.0270
2766,105.9736,0.6415,0.0269
2767,117.1455,0.6988,0.0140
2768,111.7823,0.6974,0.0166
2769,112.5227,0.5739,0.0300
2770,115.1896,0.7183,0.0255
2771,110.9664,0.6371,0.0147
2772,115.1673,0.5557,0.0170
2773,107.1005,0.5388,0.0193
2774,109.2458,0.7198,0.0134
2775,114.9169,0.5149,0.0230
2776,114.3597,0.6338,0.0281
2777,113.5779,0.7187,0.0202
2778,108.9552,0.7286,0.0141
2779,114.7779,0.6407,0.0153
2780,108.8310,0.6856,0.0135
2781,110.8566,0.6756,0.0141
2782,116.1967,0.7260,0.0191
2783,116.8067,0.7237,0.0150
2784,108.6410,0.7047,0.0203
2785,113.6173,0.7214,0.0161
2786,117.1626,0.5997,0.0209
2787,112.4208,0.7277,0.0182
2788,110.8923,0.7161,0.0278
2789,113.2081,0.7269,0.0134
2790,112.0696,0.6015,0.0382
2791,114.8457,0.5183,0.0211
2792,113.3671,0.7280,0.0233
2793,106.2752,0.6734,0.0148
2794,112.8998,0.5845,0.0334
2795,111.8496,0.6887,0.0300
2796,110.4481,0.7108,0.0154
2797,116.5654,0.6982,0.0196
2798,110.1757,0.6151,0.0331
2799,106.4815,0.7284,0.0147
2800,114.3555,0.7158,0.0152
2801,113.5877,0.6889,0.0243
2802,109.4987,0.7101,0.0133
2803,114.5192,0.7055,0.0254
2804,110.9698,0.6279,0.0161
2805,112.5337,0.7278,0.0188
2806,111.5030,0.6211,0.0161
2807,114.3388,0.7232,0.0196
2808,115.3244,0.6941,0.0142
2809,111.2139,0.6310,0.0282
2810,111.1094,0.6991,0.0194
2811,109.8994,0.6553,0.0193
2812,109.4999,0.7105,0.0127
2813,118.2689,0.6313,0.0148
2814,104.2003,0.7203,0.0154
2815,109.5131,0.6646,0.0272
2816,110.8889,0.6673,0.0253
2817,113.5617,0.7244,0.0154
2818,102.8434,0.7035,0.0225
2819,109.1421,0.5373,0.0198
2820,113.3179,0.6743,0.0244
2821,114.2417,0.6707,0.0192
2822,117.9247,0.7206,0.0145
2823,111.2312,0.6742,0.0144
2824,111.0399,0.7112,0.0238
2825,109.0066,0.7218,0.0239
2826,113.0268,0.7269,0.0235
2827,113.7133,0.7183,0.0165
2828,112.1250,0.6297,0.0162
2829,111.1663,0.7162,0.0265
2830,113.5289,0.6809,0.0199
2831,113.3343,0.7119,0.0137
2832,114.1594,0.5816,0.0273
2833,107.6827,0.6215,0.0208
2834,110.9136,0.5664,0.0308
2835,111.8117,0.7284,0.0132
2836,112.4068,0.7043,0.0163
2837,111.6096,0.6688,0.0289
2838,113.3913,0.6634,0.0161
2839,111.0603,0.7276,0.0233
2840,117.0906,0.6191,0.0204
2841,109.7299,0.6213,0.0145
2842,115.3104,0.6099,0.0156
2843,115.7589,0.6904,0.0232
2844,114.5102,0.6230,0.0149
2845,105.4426,0.7035,0.0161
2846,110.0636,0.7285,0.0166
2847,107.1292,0.7247,0.0145
2848,111.0516,0.7227,0.0155
2849,110.5491,0.7009,0.0175
2850,113.8183,0.6980,0.0142
2851,112.9360,0.7273,0.0134
2852,109.2072,0.6437,0.0280
2853,115.1360,0.6377,0.0217
2854,108.1149,0.6836,0.0231
2855,113.0741,0.7025,0.0134
2856,112.7828,0.6525,0.0198
2857,115.2397,0.5324,0.0176
2858,108.8361,0.7238,0.0167
2859,111.0424,0.5444,0.0482
2860,107.0232,0.6980,0.0217
2861,116.3950,0.6429,0.0284
2862,104.9190,0.7022,0.0260
2863,115.4248,0.7278,0.0125
2864,107.6144,0.6973,0.0201
2865,112.1583,0.6837,0.0154
2866,118.0899,0.6861,0.0160
2867,108.3824,0.5213,0.0387
2868,117.9032,0.7256,0.0125
2869,111.0025,0.6044,0.0297
2870,113.6915,0.7181,0.0176
2871,108.5956,0.7268,0.0213
2872,111.4574,0.6679,0.0195
2873,110.0059,0.6762,0.0143
2874,114.5518,0.7285,0.0221
2875,117.5828,0.7117,0.0203
2876,115.0394,0.5423,0.0168
2877,108.2343,0.6272,0.0202
2878,113.6189,0.6336,0.0151
2879,108.5891,0.6499,0.0216
2880,117.2517,0.6737,0.0147
2881,107.5562,0.6762,0.0138
2882,110.4804,0.7199,0.0140
2883,108.9521,0.7082,0.0283
2884,114.7766,0.7079,0.0245
2885,110.7382,0.5828,0.0155
2886,113.7288,0.7050,0.0145
2887,117.3429,0.7052,0.0238
2888,111.8831,0.7159,0.0155
2889,115.6490,0.6753,0.0160
2890,114.4875,0.6945,0.0244
2891,111.1577,0.6007,0.0167
2892,115.2081,0.6776,0.0134
2893,110.2360,0.6879,0.0230
2894,115.2787,0.7025,0.0175
2895,115.0212,0.7254,0.0145
2896,105.9358,0.7187,0.0189
2897,110.2019,0.7252,0.0264
2898,112.7862,0.7204,0.0261
2899,110.8436,0.7052,0.0211
2900,116.4352,0.7249,0.0210
2901,114.5492,0.6039,0.0168
2902,109.1326,0.6662,0.0139
2903,116.3763,0.5236,0.0438
2904,111.8809,0.7222,0.0147
2905,109.3201,0.5305,0.0274
2906,113.6605,0.7172,0.0276
2907,110.0334,0.6157,0.0168
2908,112.9200,0.6820,0.0137
2909,111.5587,0.5454,0.0208
2910,111.9326,0.5727,0.0211
2911,111.5640,0.7246,0.0215
2912,113.8009,0.7043,0.0181
2913,118.1373,0.7223,0.0124
2914,115.5082,0.6870,0.0286
2915,118.5847,0.6847,0.0175
2916,115.2960,0.7232,0.0134
2917,116.2851,0.6881,0.0157
2918,112.7426,0.6807,0.0155
2919,115.5347,0.6137,0.0190
2920,118.2529,0.6764,0.0162
2921,110.7100,0.5725,0.0166
2922,112.4221,0.5425,0.0490
2923,107.6795,0.6315,0.0219
2924,115.4710,0.6460,0.0323
2925,116.2780,0.7217,0.0125
2926,110.1348,0.6105,0.0343
2927,116.2377,0.6042,0.0202
2928,107.9271,0.7272,0.0192
2929,114.3653,0.7229,0.0129
2930,113.6777,0.7078,0.0139
2931,113.0762,0.7145,0.0254
2932,115.8295,0.5651,0.0331
2933,108.4939,0.7286,0.0137
2934,119.8741,0.6481,0.0159
2935,112.7956,0.6158,0.0176
2936,113.7936,0.7272,0.0186
2937,109.1605,0.7240,0.0171
2938,110.2864,0.7107,0.0153
2939,104.3580,0.7065,0.0275
2940,112.9085,0.7100,0.0143
2941,109.7142,0.6524,0.0265
2942,110.0579,0.7276,0.0136
2943,112.5369,0.6918,0.0148
2944,114.9707,0.6875,0.0148
2945,115.9709,0.7237,0.0126
2946,117.3575,0.5534,0.0173
2947,109.3903,0.7209,0.0196
2948,111.3160,0.6441,0.0306
2949,108.5121,0.7225,0.0250
2950,109.1685,0.6740,0.0243
2951,115.4878,0.5926,0.0197
2952,111.4867,0.7277,0.0161
2953,117.1928,0.7089,0.0191
2954,107.1072,0.6122,0.0162
2955,106.6251,0.6028,0.0209
2956,117.1383,0.6369,0.0179
2957,110.9661,0.6985,0.0147
2958,115.2146,0.7025,0.0160
2959,108.5593,0.7227,0.0234
2960,109.8648,0.7059,0.0141
2961,119.3524,0.7132,0.0191
2962,110.8584,0.7222,0.0169
2963,112.2375,0.5785,0.0353
2964,113.8445,0.5412,0.0186
2965,106.4262,0.6661,0.0181
2966,111.5598,0.6410,0.0175
2967,109.5675,0.6288,0.0345
2968,108.8707,0.6962,0.0236
2969,113.3519,0.5737,0.0198
2970,115.6580,0.7172,0.0147
2971,112.4014,0.5146,0.0179
2972,110.1753,0.7217,0.0141
2973,116.6627,0.7196,0.0131
2974,112.2360,0.6965,0.0129
2975,115.3269,0.6725,0.0139
2976,114.8899,0.7023,0.0133
2977,114.0656,0.6127,0.0164
2978,115.1981,0.7263,0.0186
2979,110.8952,0.6179,0.0155
2980,116.0069,0.7082,0.0143
2981,105.5696,0.7209,0.0156
2982,112.8399,0.6695,0.0259
2983,101.9876,0.6061,0.0200
2984,115.4001,0.7249,0.0125
2985,99.9673,0.5266,0.0287
2986,108.3665,0.6546,0.0305
2987,108.6942,0.7250,0.0254
2988,104.2222,0.7276,0.0168
2989,111.7873,0.6898,0.0192
2990,108.3691,0.6060,0.0281
2991,110.7753,0.7226,0.0224
2992,114.5293,0.7055,0.0142
2993,118.8572,0.7290,0.0261
2994,109.8688,0.7135,0.0284
2995,115.2395,0.6895,0.0140
2996,111.0055,0.6889,0.0134
2997,116.1737,0.6752,0.0174
2998,110.8783,0.5129,0.0373
2999,115.4481,0.5936,0.0147
